0 1.40399e+49 -2.69797e+49 0 1.40399e+49 -2.69797e+49 0 0 0 0 0 0 0 0 0 0 0 0 0 0 0 0 7.20251e+32 0 0 0 0 0 4.92277e+20
0.117188 1.40389e+49 -2.69798e+49 2.06625e+42 1.40389e+49 -2.69798e+49 2.06625e+42 0 0 0 0 0 0 0 0 0 0 0 0 0 0 0 7.20251e+32 0 0 0 0 0 4.93073e+20
0.214844 1.40364e+49 -2.69782e+49 8.43635e+42 1.40364e+49 -2.69782e+49 8.43635e+42 0 0 0 0 0 0 0 0 0 0 0 0 0 0 0 7.20251e+32 0 0 0 0 0 4.94843e+20
0.3125 1.40344e+49 -2.69771e+49 1.29587e+43 1.40344e+49 -2.69771e+49 1.29587e+43 0 0 0 0 0 0 0 0 0 0 0 0 0 0 0 7.20251e+32 0 0 0 0 0 4.9582e+20
0.410156 1.40333e+49 -2.6976e+49 1.17382e+43 1.40333e+49 -2.6976e+49 1.17382e+43 0 0 0 0 0 0 0 0 0 0 0 0 0 0 0 7.20251e+32 0 0 0 0 0 4.96227e+20
0.507812 1.40325e+49 -2.69753e+49 6.33736e+42 1.40325e+49 -2.69753e+49 6.33736e+42 0 0 0 0 0 0 0 0 0 0 0 0 0 0 0 7.20251e+32 0 0 0 0 0 4.96339e+20
0.605469 1.4032e+49 -2.69748e+49 9.01428e+42 1.4032e+49 -2.69748e+49 9.01428e+42 0 0 0 0 0 0 0 0 0 0 0 0 0 0 0 7.20251e+32 0 0 0 0 0 4.96404e+20
0.703125 1.40315e+49 -2.69745e+49 2.02783e+42 1.40315e+49 -2.69745e+49 2.02783e+42 0 0 0 0 0 0 0 0 0 0 0 0 0 0 0 7.20251e+32 0 0 0 0 0 4.96439e+20
0.800781 1.4031e+49 -2.69742e+49 1.88246e+42 1.4031e+49 -2.69742e+49 1.88246e+42 0 0 0 0 0 0 0 0 0 0 0 0 0 0 0 7.20251e+32 0 0 0 0 0 4.96453e+20
0.917969 1.40306e+49 -2.69739e+49 1.48588e+42 1.40306e+49 -2.69739e+49 1.48588e+42 0 0 0 0 0 0 0 0 0 0 0 0 0 0 0 7.20251e+32 0 0 0 0 0 4.96469e+20
1.01562 1.40302e+49 -2.69737e+49 1.04775e+42 1.40302e+49 -2.69737e+49 1.04775e+42 0 0 0 0 0 0 0 0 0 0 0 0 0 0 0 7.20251e+32 0 0 0 0 0 4.9648e+20
1.11328 1.40299e+49 -2.69735e+49 1.28408e+42 1.40299e+49 -2.69735e+49 1.28408e+42 0 0 0 0 0 0 0 0 0 0 0 0 0 0 0 7.20251e+32 0 0 0 0 0 4.96489e+20
1.21094 1.40296e+49 -2.69732e+49 1.01787e+42 1.40296e+49 -2.69732e+49 1.01787e+42 0 0 0 0 0 0 0 0 0 0 0 0 0 0 0 7.20251e+32 0 0 0 0 0 4.96494e+20
1.30859 1.40294e+49 -2.6973e+49 1.09447e+42 1.40294e+49 -2.6973e+49 1.09447e+42 0 0 0 0 0 0 0 0 0 0 0 0 0 0 0 7.20251e+32 0 0 0 0 0 4.96497e+20
1.40625 1.40291e+49 -2.69728e+49 9.64493e+41 1.40291e+49 -2.69728e+49 9.64493e+41 0 0 0 0 0 0 0 0 0 0 0 0 0 0 0 7.20251e+32 0 0 0 0 0 4.965e+20
1.50391 1.40289e+49 -2.69726e+49 1.05731e+42 1.40289e+49 -2.69726e+49 1.05731e+42 0 0 0 0 0 0 0 0 0 0 0 0 0 0 0 7.20251e+32 0 0 0 0 0 4.96502e+20
1.60156 1.40287e+49 -2.69725e+49 9.40239e+41 1.40287e+49 -2.69725e+49 9.40239e+41 0 0 0 0 0 0 0 0 0 0 0 0 0 0 0 7.20251e+32 0 0 0 0 0 4.96503e+20
1.71875 1.40285e+49 -2.69722e+49 9.27555e+41 1.40285e+49 -2.69722e+49 9.27555e+41 0 0 0 0 0 0 0 0 0 0 0 0 0 0 0 7.20251e+32 0 0 0 0 0 4.96503e+20
1.81641 1.40283e+49 -2.6972e+49 9.68556e+41 1.40283e+49 -2.6972e+49 9.68556e+41 0 0 0 0 0 0 0 0 0 0 0 0 0 0 0 7.20251e+32 0 0 0 0 0 4.96504e+20
1.91406 1.40282e+49 -2.69718e+49 9.16306e+41 1.40282e+49 -2.69718e+49 9.16306e+41 0 0 0 0 0 0 0 0 0 0 0 0 0 0 0 7.20251e+32 0 0 0 0 0 4.96504e+20
2.01172 1.4028e+49 -2.69716e+49 9.32249e+41 1.4028e+49 -2.69716e+49 9.32249e+41 0 0 0 0 0 0 0 0 0 0 0 0 0 0 0 7.20251e+32 0 0 0 0 0 4.96504e+20
2.10938 1.40279e+49 -2.69713e+49 9.07553e+41 1.40279e+49 -2.69713e+49 9.07553e+41 0 0 0 0 0 0 0 0 0 0 0 0 0 0 0 7.20251e+32 0 0 0 0 0 4.96504e+20
2.20703 1.40277e+49 -2.69711e+49 9.17963e+41 1.40277e+49 -2.69711e+49 9.17963e+41 0 0 0 0 0 0 0 0 0 0 0 0 0 0 0 7.20251e+32 0 0 0 0 0 4.96505e+20
2.30469 1.40276e+49 -2.69709e+49 9.02733e+41 1.40276e+49 -2.69709e+49 9.02733e+41 0 0 0 0 0 0 0 0 0 0 0 0 0 0 0 7.20251e+32 0 0 0 0 0 4.96505e+20
2.40234 1.40275e+49 -2.69708e+49 9.09597e+41 1.40275e+49 -2.69708e+49 9.09597e+41 0 0 0 0 0 0 0 0 0 0 0 0 0 0 0 7.20251e+32 0 0 0 0 0 4.96505e+20
2.51953 1.40274e+49 -2.69706e+49 9.06291e+41 1.40274e+49 -2.69706e+49 9.06291e+41 0 0 0 0 0 0 0 0 0 0 0 0 0 0 0 7.20251e+32 0 0 0 0 0 4.96505e+20
2.61719 1.40273e+49 -2.69704e+49 8.99638e+41 1.40273e+49 -2.69704e+49 8.99638e+41 0 0 0 0 0 0 0 0 0 0 0 0 0 0 0 7.20251e+32 0 0 0 0 0 4.96505e+20
2.71484 1.40273e+49 -2.69703e+49 9.29773e+41 1.40273e+49 -2.69703e+49 9.29773e+41 0 0 0 0 0 0 0 0 0 0 0 0 0 0 0 7.20251e+32 0 0 0 0 0 4.96505e+20
2.8125 1.40272e+49 -2.69702e+49 9.02975e+41 1.40272e+49 -2.69702e+49 9.02975e+41 0 0 0 0 0 0 0 0 0 0 0 0 0 0 0 7.20251e+32 0 0 0 0 0 4.96505e+20
2.91016 1.40271e+49 -2.69701e+49 9.01953e+41 1.40271e+49 -2.69701e+49 9.01953e+41 0 0 0 0 0 0 0 0 0 0 0 0 0 0 0 7.20251e+32 0 0 0 0 0 4.96505e+20
3.00781 1.40271e+49 -2.697e+49 8.99672e+41 1.40271e+49 -2.697e+49 8.99672e+41 0 0 0 0 0 0 0 0 0 0 0 0 0 0 0 7.20251e+32 0 0 0 0 0 4.96505e+20
3.10547 1.4027e+49 -2.697e+49 9.01309e+41 1.4027e+49 -2.697e+49 9.01309e+41 0 0 0 0 0 0 0 0 0 0 0 0 0 0 0 7.20251e+32 0 0 0 0 0 4.96505e+20
3.20312 1.4027e+49 -2.69699e+49 9.00486e+41 1.4027e+49 -2.69699e+49 9.00486e+41 0 0 0 0 0 0 0 0 0 0 0 0 0 0 0 7.20251e+32 0 0 0 0 0 4.96505e+20
3.30078 1.40269e+49 -2.69698e+49 9.01808e+41 1.40269e+49 -2.69698e+49 9.01808e+41 0 0 0 0 0 0 0 0 0 0 0 0 0 0 0 7.20251e+32 0 0 0 0 0 4.96505e+20
3.41797 1.40269e+49 -2.69697e+49 9.02143e+41 1.40269e+49 -2.69697e+49 9.02143e+41 0 0 0 0 0 0 0 0 0 0 0 0 0 0 0 7.20251e+32 0 0 0 0 0 4.96505e+20
3.51562 1.40268e+49 -2.69696e+49 9.02241e+41 1.40268e+49 -2.69696e+49 9.02241e+41 0 0 0 0 0 0 0 0 0 0 0 0 0 0 0 7.20251e+32 0 0 0 0 0 4.96505e+20
3.61328 1.40268e+49 -2.69696e+49 9.03562e+41 1.40268e+49 -2.69696e+49 9.03562e+41 0 0 0 0 0 0 0 0 0 0 0 0 0 0 0 7.20251e+32 0 0 0 0 0 4.96505e+20
3.71094 1.40268e+49 -2.69695e+49 9.03696e+41 1.40268e+49 -2.69695e+49 9.03696e+41 0 0 0 0 0 0 0 0 0 0 0 0 0 0 0 7.20251e+32 0 0 0 0 0 4.96505e+20
3.80859 1.40267e+49 -2.69695e+49 9.04871e+41 1.40267e+49 -2.69695e+49 9.04871e+41 0 0 0 0 0 0 0 0 0 0 0 0 0 0 0 7.20251e+32 0 0 0 0 0 4.96505e+20
3.90625 1.40267e+49 -2.69694e+49 9.05224e+41 1.40267e+49 -2.69694e+49 9.05224e+41 0 0 0 0 0 0 0 0 0 0 0 0 0 0 0 7.20251e+32 0 0 0 0 0 4.96505e+20
4.00391 1.40267e+49 -2.69694e+49 9.0719e+41 1.40267e+49 -2.69694e+49 9.0719e+41 0 0 0 0 0 0 0 0 0 0 0 0 0 0 0 7.20251e+32 0 0 0 0 0 4.96505e+20
4.10156 1.40266e+49 -2.69693e+49 9.07711e+41 1.40266e+49 -2.69693e+49 9.07711e+41 0 0 0 0 0 0 0 0 0 0 0 0 0 0 0 7.20251e+32 0 0 0 0 0 4.96505e+20
4.21875 1.40266e+49 -2.69693e+49 9.28112e+41 1.40266e+49 -2.69693e+49 9.28112e+41 0 0 0 0 0 0 0 0 0 0 0 0 0 0 0 7.20251e+32 0 0 0 0 0 4.96505e+20
4.31641 1.40266e+49 -2.69693e+49 9.13552e+41 1.40266e+49 -2.69693e+49 9.13552e+41 0 0 0 0 0 0 0 0 0 0 0 0 0 0 0 7.20251e+32 0 0 0 0 0 4.96505e+20
4.41406 1.40265e+49 -2.69692e+49 9.13164e+41 1.40265e+49 -2.69692e+49 9.13164e+41 0 0 0 0 0 0 0 0 0 0 0 0 0 0 0 7.20251e+32 0 0 0 0 0 4.96505e+20
4.51172 1.40265e+49 -2.69692e+49 9.14573e+41 1.40265e+49 -2.69692e+49 9.14573e+41 0 0 0 0 0 0 0 0 0 0 0 0 0 0 0 7.20251e+32 0 0 0 0 0 4.96505e+20
4.60938 1.40265e+49 -2.69692e+49 9.1548e+41 1.40265e+49 -2.69692e+49 9.1548e+41 0 0 0 0 0 0 0 0 0 0 0 0 0 0 0 7.20251e+32 0 0 0 0 0 4.96505e+20
4.70703 1.40265e+49 -2.69692e+49 9.17859e+41 1.40265e+49 -2.69692e+49 9.17859e+41 0 0 0 0 0 0 0 0 0 0 0 0 0 0 0 7.20251e+32 0 0 0 0 0 4.96505e+20
4.80469 1.40264e+49 -2.69691e+49 9.18923e+41 1.40264e+49 -2.69691e+49 9.18923e+41 0 0 0 0 0 0 0 0 0 0 0 0 0 0 0 7.20251e+32 0 0 0 0 0 4.96505e+20
4.90234 1.40264e+49 -2.69691e+49 9.21224e+41 1.40264e+49 -2.69691e+49 9.21224e+41 0 0 0 0 0 0 0 0 0 0 0 0 0 0 0 7.20251e+32 0 0 0 0 0 4.96505e+20
5 1.40264e+49 -2.69691e+49 9.22505e+41 1.40264e+49 -2.69691e+49 9.22505e+41 0 0 0 0 0 0 0 0 0 0 0 0 0 0 0 7.20251e+32 0 0 0 0 0 4.96505e+20
5.11719 1.40264e+49 -2.69691e+49 9.24624e+41 1.40264e+49 -2.69691e+49 9.24624e+41 0 0 0 0 0 0 0 0 0 0 0 0 0 0 0 7.20251e+32 0 0 0 0 0 4.96505e+20
5.21484 1.40264e+49 -2.6969e+49 9.26603e+41 1.40264e+49 -2.6969e+49 9.26603e+41 0 0 0 0 0 0 0 0 0 0 0 0 0 0 0 7.20251e+32 0 0 0 0 0 4.96505e+20
5.3125 1.40263e+49 -2.6969e+49 9.28493e+41 1.40263e+49 -2.6969e+49 9.28493e+41 0 0 0 0 0 0 0 0 0 0 0 0 0 0 0 7.20251e+32 0 0 0 0 0 4.96505e+20
5.41016 1.40263e+49 -2.6969e+49 9.30211e+41 1.40263e+49 -2.6969e+49 9.30211e+41 0 0 0 0 0 0 0 0 0 0 0 0 0 0 0 7.20251e+32 0 0 0 0 0 4.96505e+20
5.50781 1.40263e+49 -2.6969e+49 9.32117e+41 1.40263e+49 -2.6969e+49 9.32117e+41 0 0 0 0 0 0 0 0 0 0 0 0 0 0 0 7.20251e+32 0 0 0 0 0 4.96505e+20
5.60547 1.40263e+49 -2.6969e+49 9.34275e+41 1.40263e+49 -2.6969e+49 9.34275e+41 0 0 0 0 0 0 0 0 0 0 0 0 0 0 0 7.20251e+32 0 0 0 0 0 4.96505e+20
5.70312 1.40263e+49 -2.69689e+49 9.36475e+41 1.40263e+49 -2.69689e+49 9.36475e+41 0 0 0 0 0 0 0 0 0 0 0 0 0 0 0 7.20251e+32 0 0 0 0 0 4.96505e+20
5.80078 1.40263e+49 -2.69689e+49 9.39026e+41 1.40263e+49 -2.69689e+49 9.39026e+41 0 0 0 0 0 0 0 0 0 0 0 0 0 0 0 7.20251e+32 0 0 0 0 0 4.96505e+20
5.91797 1.40262e+49 -2.69689e+49 9.49472e+41 1.40262e+49 -2.69689e+49 9.49472e+41 0 0 0 0 0 0 0 0 0 0 0 0 0 0 0 7.20251e+32 0 0 0 0 0 4.96505e+20
6.01562 1.40262e+49 -2.69689e+49 9.45941e+41 1.40262e+49 -2.69689e+49 9.45941e+41 0 0 0 0 0 0 0 0 0 0 0 0 0 0 0 7.20251e+32 0 0 0 0 0 4.96505e+20
6.11328 1.40262e+49 -2.69689e+49 9.47339e+41 1.40262e+49 -2.69689e+49 9.47339e+41 0 0 0 0 0 0 0 0 0 0 0 0 0 0 0 7.20251e+32 0 0 0 0 0 4.96505e+20
6.21094 1.40262e+49 -2.69689e+49 9.49013e+41 1.40262e+49 -2.69689e+49 9.49013e+41 0 0 0 0 0 0 0 0 0 0 0 0 0 0 0 7.20251e+32 0 0 0 0 0 4.96505e+20
6.30859 1.40262e+49 -2.69688e+49 9.51443e+41 1.40262e+49 -2.69688e+49 9.51443e+41 0 0 0 0 0 0 0 0 0 0 0 0 0 0 0 7.20251e+32 0 0 0 0 0 4.96505e+20
6.40625 1.40262e+49 -2.69688e+49 9.53727e+41 1.40262e+49 -2.69688e+49 9.53727e+41 0 0 0 0 0 0 0 0 0 0 0 0 0 0 0 7.20251e+32 0 0 0 0 0 4.96505e+20
6.50391 1.40262e+49 -2.69688e+49 9.56427e+41 1.40262e+49 -2.69688e+49 9.56427e+41 0 0 0 0 0 0 0 0 0 0 0 0 0 0 0 7.20251e+32 0 0 0 0 0 4.96505e+20
6.60156 1.40262e+49 -2.69688e+49 9.58413e+41 1.40262e+49 -2.69688e+49 9.58413e+41 0 0 0 0 0 0 0 0 0 0 0 0 0 0 0 7.20251e+32 0 0 0 0 0 4.96505e+20
6.71875 1.40261e+49 -2.69688e+49 9.61421e+41 1.40261e+49 -2.69688e+49 9.61421e+41 0 0 0 0 0 0 0 0 0 0 0 0 0 0 0 7.20251e+32 0 0 0 0 0 4.96505e+20
6.81641 1.40261e+49 -2.69688e+49 9.63972e+41 1.40261e+49 -2.69688e+49 9.63972e+41 0 0 0 0 0 0 0 0 0 0 0 0 0 0 0 7.20251e+32 0 0 0 0 0 4.96505e+20
6.91406 1.40261e+49 -2.69687e+49 9.65685e+41 1.40261e+49 -2.69687e+49 9.65685e+41 0 0 0 0 0 0 0 0 0 0 0 0 0 0 0 7.20251e+32 0 0 0 0 0 4.96505e+20
7.01172 1.40261e+49 -2.69687e+49 9.74427e+41 1.40261e+49 -2.69687e+49 9.74427e+41 0 0 0 0 0 0 0 0 0 0 0 0 0 0 0 7.20251e+32 0 0 0 0 0 4.96505e+20
7.10938 1.40261e+49 -2.69687e+49 9.71394e+41 1.40261e+49 -2.69687e+49 9.71394e+41 0 0 0 0 0 0 0 0 0 0 0 0 0 0 0 7.20251e+32 0 0 0 0 0 4.96505e+20
7.20703 1.40261e+49 -2.69687e+49 9.73061e+41 1.40261e+49 -2.69687e+49 9.73061e+41 0 0 0 0 0 0 0 0 0 0 0 0 0 0 0 7.20251e+32 0 0 0 0 0 4.96505e+20
7.30469 1.40261e+49 -2.69687e+49 9.75374e+41 1.40261e+49 -2.69687e+49 9.75374e+41 0 0 0 0 0 0 0 0 0 0 0 0 0 0 0 7.20251e+32 0 0 0 0 0 4.96505e+20
7.40234 1.40261e+49 -2.69687e+49 9.7823e+41 1.40261e+49 -2.69687e+49 9.7823e+41 0 0 0 0 0 0 0 0 0 0 0 0 0 0 0 7.20251e+32 0 0 0 0 0 4.96505e+20
7.5 1.40261e+49 -2.69687e+49 9.80727e+41 1.40261e+49 -2.69687e+49 9.80727e+41 0 0 0 0 0 0 0 0 0 0 0 0 0 0 0 7.20251e+32 0 0 0 0 0 4.96505e+20
7.61719 1.40261e+49 -2.69686e+49 9.83651e+41 1.40261e+49 -2.69686e+49 9.83651e+41 0 0 0 0 0 0 0 0 0 0 0 0 0 0 0 7.20251e+32 0 0 0 0 0 4.96505e+20
7.71484 1.4026e+49 -2.69686e+49 9.86611e+41 1.4026e+49 -2.69686e+49 9.86611e+41 0 0 0 0 0 0 0 0 0 0 0 0 0 0 0 7.20251e+32 0 0 0 0 0 4.96505e+20
7.8125 1.4026e+49 -2.69686e+49 9.89595e+41 1.4026e+49 -2.69686e+49 9.89595e+41 0 0 0 0 0 0 0 0 0 0 0 0 0 0 0 7.20251e+32 0 0 0 0 0 4.96505e+20
7.91016 1.4026e+49 -2.69686e+49 9.91766e+41 1.4026e+49 -2.69686e+49 9.91766e+41 0 0 0 0 0 0 0 0 0 0 0 0 0 0 0 7.20251e+32 0 0 0 0 0 4.96505e+20
8.00781 1.4026e+49 -2.69686e+49 9.85625e+41 1.4026e+49 -2.69686e+49 9.85625e+41 0 0 0 0 0 0 0 0 0 0 0 0 0 0 0 7.20251e+32 0 0 0 0 0 4.96505e+20
8.10547 1.4026e+49 -2.69686e+49 9.25956e+41 1.4026e+49 -2.69686e+49 9.25956e+41 0 0 0 0 0 0 0 0 0 0 0 0 0 0 0 7.20251e+32 0 0 0 0 0 4.96505e+20
8.20312 1.4026e+49 -2.69686e+49 8.69321e+41 1.4026e+49 -2.69686e+49 8.69321e+41 0 0 0 0 0 0 0 0 0 0 0 0 0 0 0 7.20251e+32 0 0 0 0 0 4.96505e+20
8.30078 1.4026e+49 -2.69685e+49 8.1222e+41 1.4026e+49 -2.69685e+49 8.1222e+41 0 0 0 0 0 0 0 0 0 0 0 0 0 0 0 7.20251e+32 0 0 0 0 0 4.96505e+20
8.41797 1.4026e+49 -2.69685e+49 7.44807e+41 1.4026e+49 -2.69685e+49 7.44807e+41 0 0 0 0 0 0 0 0 0 0 0 0 0 0 0 7.20251e+32 0 0 0 0 0 4.96505e+20
8.51562 1.4026e+49 -2.69685e+49 6.8892e+41 1.4026e+49 -2.69685e+49 6.8892e+41 0 0 0 0 0 0 0 0 0 0 0 0 0 0 0 7.20251e+32 0 0 0 0 0 4.96505e+20
8.61328 1.40259e+49 -2.69685e+49 6.33571e+41 1.40259e+49 -2.69685e+49 6.33571e+41 0 0 0 0 0 0 0 0 0 0 0 0 0 0 0 7.20251e+32 0 0 0 0 0 4.96506e+20
8.71094 1.40259e+49 -2.69684e+49 5.83969e+41 1.40259e+49 -2.69684e+49 5.83969e+41 0 0 0 0 0 0 0 0 0 0 0 0 0 0 0 7.20251e+32 0 0 0 0 0 4.96508e+20
8.80859 1.40259e+49 -2.69684e+49 5.25191e+41 1.40259e+49 -2.69684e+49 5.25191e+41 0 0 0 0 0 0 0 0 0 0 0 0 0 0 0 7.20251e+32 0 0 0 0 0 4.96511e+20
8.90625 1.40259e+49 -2.69684e+49 4.72535e+41 1.40259e+49 -2.69684e+49 4.72535e+41 0 0 0 0 0 0 0 0 0 0 0 0 0 0 0 7.20251e+32 0 0 0 0 0 4.96515e+20
9.00391 1.40259e+49 -2.69684e+49 4.21286e+41 1.40259e+49 -2.69684e+49 4.21286e+41 0 0 0 0 0 0 0 0 0 0 0 0 0 0 0 7.20251e+32 0 0 0 0 0 4.96521e+20
9.10156 1.40259e+49 -2.69683e+49 3.71542e+41 1.40259e+49 -2.69683e+49 3.71542e+41 0 0 0 0 0 0 0 0 0 0 0 0 0 0 0 7.20251e+32 0 0 0 0 0 4.96527e+20
9.21875 1.40258e+49 -2.69683e+49 3.14341e+41 1.40258e+49 -2.69683e+49 3.14341e+41 0 0 0 0 0 0 0 0 0 0 0 0 0 0 0 7.20251e+32 0 0 0 0 0 4.96537e+20
9.31641 1.40258e+49 -2.69682e+49 2.69089e+41 1.40258e+49 -2.69682e+49 2.69089e+41 0 0 0 0 0 0 0 0 0 0 0 0 0 0 0 7.20251e+32 0 0 0 0 0 4.96545e+20
9.41406 1.40258e+49 -2.69682e+49 2.26272e+41 1.40258e+49 -2.69682e+49 2.26272e+41 0 0 0 0 0 0 0 0 0 0 0 0 0 0 0 7.20251e+32 0 0 0 0 0 4.96555e+20
9.51172 1.40258e+49 -2.69681e+49 1.86231e+41 1.40258e+49 -2.69681e+49 1.86231e+41 0 0 0 0 0 0 0 0 0 0 0 0 0 0 0 7.20251e+32 0 0 0 0 0 4.96565e+20
9.60938 1.40258e+49 -2.69681e+49 1.49292e+41 1.40258e+49 -2.69681e+49 1.49292e+41 0 0 0 0 0 0 0 0 0 0 0 0 0 0 0 7.20251e+32 0 0 0 0 0 4.96576e+20
9.70703 1.40257e+49 -2.6968e+49 1.15779e+41 1.40257e+49 -2.6968e+49 1.15779e+41 0 0 0 0 0 0 0 0 0 0 0 0 0 0 0 7.20251e+32 0 0 0 0 0 4.96588e+20
9.80469 1.40257e+49 -2.6968e+49 8.6069e+40 1.40257e+49 -2.6968e+49 8.6069e+40 0 0 0 0 0 0 0 0 0 0 0 0 0 0 0 7.20251e+32 0 0 0 0 0 4.966e+20
9.90234 1.40257e+49 -2.69679e+49 6.05574e+40 1.40257e+49 -2.69679e+49 6.05574e+40 0 0 0 0 0 0 0 0 0 0 0 0 0 0 0 7.20251e+32 0 0 0 0 0 4.96613e+20
10 1.40256e+49 -2.69678e+49 3.96408e+40 1.40256e+49 -2.69678e+49 3.96408e+40 0 0 0 0 0 0 0 0 0 0 0 0 0 0 0 7.20251e+32 0 0 0 0 0 4.96627e+20
10.1172 1.40256e+49 -2.69678e+49 2.11858e+40 1.40256e+49 -2.69678e+49 2.11858e+40 0 0 0 0 0 0 0 0 0 0 0 0 0 0 0 7.20251e+32 0 0 0 0 0 4.96644e+20
10.2148 1.40256e+49 -2.69677e+49 1.18837e+40 1.40256e+49 -2.69677e+49 1.18837e+40 0 0 0 0 0 0 0 0 0 0 0 0 0 0 0 7.20251e+32 0 0 0 0 0 4.96659e+20
10.3125 1.40255e+49 -2.69676e+49 8.61273e+39 1.40255e+49 -2.69676e+49 8.61273e+39 0 0 0 0 0 0 0 0 0 0 0 0 0 0 0 7.20251e+32 0 0 0 0 0 4.96675e+20
10.4102 1.40255e+49 -2.69675e+49 1.18872e+40 1.40255e+49 -2.69675e+49 1.18872e+40 0 0 0 0 0 0 0 0 0 0 0 0 0 0 0 7.20251e+32 0 0 0 0 0 4.96691e+20
10.5078 1.40254e+49 -2.69674e+49 2.22374e+40 1.40254e+49 -2.69674e+49 2.22374e+40 0 0 0 0 0 0 0 0 0 0 0 0 0 0 0 7.20251e+32 0 0 0 0 0 4.96709e+20
10.6055 1.40254e+49 -2.69673e+49 4.02061e+40 1.40254e+49 -2.69673e+49 4.02061e+40 0 0 0 0 0 0 0 0 0 0 0 0 0 0 0 7.20251e+32 0 0 0 0 0 4.96728e+20
10.7031 1.40253e+49 -2.69673e+49 6.63826e+40 1.40253e+49 -2.69673e+49 6.63826e+40 0 0 0 0 0 0 0 0 0 0 0 0 0 0 0 7.20251e+32 0 0 0 0 0 4.96748e+20
10.8008 1.40253e+49 -2.69672e+49 1.01388e+41 1.40253e+49 -2.69672e+49 1.01388e+41 0 0 0 0 0 0 0 0 0 0 0 0 0 0 0 7.20251e+32 0 0 0 0 0 4.9677e+20
10.918 1.40252e+49 -2.6967e+49 1.55914e+41 1.40252e+49 -2.6967e+49 1.55914e+41 0 0 0 0 0 0 0 0 0 0 0 0 0 0 0 7.20251e+32 0 0 0 0 0 4.96798e+20
11.0156 1.40252e+49 -2.6967e+49 2.12606e+41 1.40252e+49 -2.6967e+49 2.12606e+41 0 0 0 0 0 0 0 0 0 0 0 0 0 0 0 7.20251e+32 0 0 0 0 0 4.96823e+20
11.1133 1.40251e+49 -2.69668e+49 2.80334e+41 1.40251e+49 -2.69668e+49 2.80334e+41 0 0 0 0 0 0 0 0 0 0 0 0 0 0 0 7.20251e+32 0 0 0 0 0 4.96849e+20
11.2109 1.4025e+49 -2.69668e+49 3.5981e+41 1.4025e+49 -2.69668e+49 3.5981e+41 0 0 0 0 0 0 0 0 0 0 0 0 0 0 0 7.20251e+32 0 0 0 0 0 4.96876e+20
11.3086 1.4025e+49 -2.69666e+49 4.51835e+41 1.4025e+49 -2.69666e+49 4.51835e+41 0 0 0 0 0 0 0 0 0 0 0 0 0 0 0 7.20251e+32 0 0 0 0 0 4.96904e+20
11.4062 1.40249e+49 -2.69665e+49 5.57198e+41 1.40249e+49 -2.69665e+49 5.57198e+41 0 0 0 0 0 0 0 0 0 0 0 0 0 0 0 7.20251e+32 0 0 0 0 0 4.96934e+20
11.5039 1.40248e+49 -2.69664e+49 6.76809e+41 1.40248e+49 -2.69664e+49 6.76809e+41 0 0 0 0 0 0 0 0 0 0 0 0 0 0 0 7.20251e+32 0 0 0 0 0 4.96964e+20
11.6016 1.40248e+49 -2.69663e+49 8.11626e+41 1.40248e+49 -2.69663e+49 8.11626e+41 0 0 0 0 0 0 0 0 0 0 0 0 0 0 0 7.20251e+32 0 0 0 0 0 4.96995e+20
11.7188 1.40247e+49 -2.69661e+49 9.94716e+41 1.40247e+49 -2.69661e+49 9.94716e+41 0 0 0 0 0 0 0 0 0 0 0 0 0 0 0 7.20251e+32 0 0 0 0 0 4.97033e+20
11.8164 1.40246e+49 -2.6966e+49 1.16628e+42 1.40246e+49 -2.6966e+49 1.16628e+42 0 0 0 0 0 0 0 0 0 0 0 0 0 0 0 7.20251e+32 0 0 0 0 0 4.97066e+20
11.9141 1.40245e+49 -2.69658e+49 1.35625e+42 1.40245e+49 -2.69658e+49 1.35625e+42 0 0 0 0 0 0 0 0 0 0 0 0 0 0 0 7.20251e+32 0 0 0 0 0 4.971e+20
12.0117 1.40244e+49 -2.69657e+49 1.56564e+42 1.40244e+49 -2.69657e+49 1.56564e+42 0 0 0 0 0 0 0 0 0 0 0 0 0 0 0 7.20251e+32 0 0 0 0 0 4.97134e+20
12.1094 1.40243e+49 -2.69655e+49 1.79584e+42 1.40243e+49 -2.69655e+49 1.79584e+42 0 0 0 0 0 0 0 0 0 0 0 0 0 0 0 7.20251e+32 0 0 0 0 0 4.97169e+20
12.207 1.40242e+49 -2.69653e+49 2.04783e+42 1.40242e+49 -2.69653e+49 2.04783e+42 0 0 0 0 0 0 0 0 0 0 0 0 0 0 0 7.20251e+32 0 0 0 0 0 4.97204e+20
12.3047 1.40241e+49 -2.69652e+49 2.32295e+42 1.40241e+49 -2.69652e+49 2.32295e+42 0 0 0 0 0 0 0 0 0 0 0 0 0 0 0 7.20251e+32 0 0 0 0 0 4.9724e+20
12.4023 1.40239e+49 -2.6965e+49 2.62253e+42 1.40239e+49 -2.6965e+49 2.62253e+42 0 0 0 0 0 0 0 0 0 0 0 0 0 0 0 7.20251e+32 0 0 0 0 0 4.97277e+20
12.5 1.40238e+49 -2.69648e+49 2.94802e+42 1.40238e+49 -2.69648e+49 2.94802e+42 0 0 0 0 0 0 0 0 0 0 0 0 0 0 0 7.20251e+32 0 0 0 0 0 4.97314e+20
12.6172 1.40236e+49 -2.69646e+49 3.37493e+42 1.40236e+49 -2.69646e+49 3.37493e+42 0 0 0 0 0 0 0 0 0 0 0 0 0 0 0 7.20251e+32 0 0 0 0 0 4.97359e+20
12.7148 1.40235e+49 -2.69644e+49 3.76278e+42 1.40235e+49 -2.69644e+49 3.76278e+42 0 0 0 0 0 0 0 0 0 0 0 0 0 0 0 7.20251e+32 0 0 0 0 0 4.97397e+20
12.8125 1.40234e+49 -2.69642e+49 4.18126e+42 1.40234e+49 -2.69642e+49 4.18126e+42 0 0 0 0 0 0 0 0 0 0 0 0 0 0 0 7.20251e+32 0 0 0 0 0 4.97436e+20
12.9102 1.40232e+49 -2.69639e+49 4.63213e+42 1.40232e+49 -2.69639e+49 4.63213e+42 0 0 0 0 0 0 0 0 0 0 0 0 0 0 0 7.20251e+32 0 0 0 0 0 4.97475e+20
13.0078 1.4023e+49 -2.69637e+49 5.11724e+42 1.4023e+49 -2.69637e+49 5.11724e+42 0 0 0 0 0 0 0 0 0 0 0 0 0 0 0 7.20251e+32 0 0 0 0 0 4.97515e+20
13.1055 1.40229e+49 -2.69635e+49 5.63841e+42 1.40229e+49 -2.69635e+49 5.63841e+42 0 0 0 0 0 0 0 0 0 0 0 0 0 0 0 7.20251e+32 0 0 0 0 0 4.97555e+20
13.2031 1.40227e+49 -2.69632e+49 6.19808e+42 1.40227e+49 -2.69632e+49 6.19808e+42 0 0 0 0 0 0 0 0 0 0 0 0 0 0 0 7.20251e+32 0 0 0 0 0 4.97595e+20
13.3008 1.40225e+49 -2.6963e+49 6.79756e+42 1.40225e+49 -2.6963e+49 6.79756e+42 0 0 0 0 0 0 0 0 0 0 0 0 0 0 0 7.20251e+32 0 0 0 0 0 4.97636e+20
13.418 1.40222e+49 -2.69627e+49 7.57231e+42 1.40222e+49 -2.69627e+49 7.57231e+42 0 0 0 0 0 0 0 0 0 0 0 0 0 0 0 7.20251e+32 0 0 0 0 0 4.97686e+20
13.5156 1.4022e+49 -2.69624e+49 8.26743e+42 1.4022e+49 -2.69624e+49 8.26743e+42 0 0 0 0 0 0 0 0 0 0 0 0 0 0 0 7.20251e+32 0 0 0 0 0 4.97727e+20
13.6133 1.40218e+49 -2.69622e+49 9.00928e+42 1.40218e+49 -2.69622e+49 9.00928e+42 0 0 0 0 0 0 0 0 0 0 0 0 0 0 0 7.20251e+32 0 0 0 0 0 4.9777e+20
13.7109 1.40216e+49 -2.69619e+49 9.8013e+42 1.40216e+49 -2.69619e+49 9.8013e+42 0 0 0 0 0 0 0 0 0 0 0 0 0 0 0 7.20251e+32 0 0 0 0 0 4.97812e+20
13.8086 1.40213e+49 -2.69616e+49 1.0645e+43 1.40213e+49 -2.69616e+49 1.0645e+43 0 0 0 0 0 0 0 0 0 0 0 0 0 0 0 7.20251e+32 0 0 0 0 0 4.97856e+20
13.9062 1.40211e+49 -2.69613e+49 1.15435e+43 1.40211e+49 -2.69613e+49 1.15435e+43 0 0 0 0 0 0 0 0 0 0 0 0 0 0 0 7.20251e+32 0 0 0 0 0 4.97899e+20
14.0039 1.40208e+49 -2.6961e+49 1.24999e+43 1.40208e+49 -2.6961e+49 1.24999e+43 0 0 0 0 0 0 0 0 0 0 0 0 0 0 0 7.20251e+32 0 0 0 0 0 4.97943e+20
14.1016 1.40206e+49 -2.69607e+49 1.35165e+43 1.40206e+49 -2.69607e+49 1.35165e+43 0 0 0 0 0 0 0 0 0 0 0 0 0 0 0 7.20251e+32 0 0 0 0 0 4.97988e+20
14.2188 1.40202e+49 -2.69603e+49 1.48211e+43 1.40202e+49 -2.69603e+49 1.48211e+43 0 0 0 0 0 0 0 0 0 0 0 0 0 0 0 7.20251e+32 0 0 0 0 0 4.98042e+20
14.3164 1.40199e+49 -2.696e+49 1.59837e+43 1.40199e+49 -2.696e+49 1.59837e+43 0 0 0 0 0 0 0 0 0 0 0 0 0 0 0 7.20251e+32 0 0 0 0 0 4.98087e+20
14.4141 1.40196e+49 -2.69596e+49 1.72138e+43 1.40196e+49 -2.69596e+49 1.72138e+43 0 0 0 0 0 0 0 0 0 0 0 0 0 0 0 7.20251e+32 0 0 0 0 0 4.98133e+20
14.5117 1.40193e+49 -2.69592e+49 1.85196e+43 1.40193e+49 -2.69592e+49 1.85196e+43 0 0 0 0 0 0 0 0 0 0 0 0 0 0 0 7.20251e+32 0 0 0 0 0 4.98179e+20
14.6094 1.4019e+49 -2.69589e+49 1.99057e+43 1.4019e+49 -2.69589e+49 1.99057e+43 0 0 0 0 0 0 0 0 0 0 0 0 0 0 0 7.20251e+32 0 0 0 0 0 4.98225e+20
14.707 1.40186e+49 -2.69585e+49 2.13686e+43 1.40186e+49 -2.69585e+49 2.13686e+43 0 0 0 0 0 0 0 0 0 0 0 0 0 0 0 7.20251e+32 0 0 0 0 0 4.98271e+20
14.8047 1.40183e+49 -2.69581e+49 2.29194e+43 1.40183e+49 -2.69581e+49 2.29194e+43 0 0 0 0 0 0 0 0 0 0 0 0 0 0 0 7.20251e+32 0 0 0 0 0 4.98318e+20
14.9023 1.40179e+49 -2.69577e+49 2.45629e+43 1.40179e+49 -2.69577e+49 2.45629e+43 0 0 0 0 0 0 0 0 0 0 0 0 0 0 0 7.20251e+32 0 0 0 0 0 4.98365e+20
15 1.40175e+49 -2.69573e+49 2.62974e+43 1.40175e+49 -2.69573e+49 2.62974e+43 0 0 0 0 0 0 0 0 0 0 0 0 0 0 0 7.20251e+32 0 0 0 0 0 4.98413e+20
15.1172 1.4017e+49 -2.69568e+49 2.85107e+43 1.4017e+49 -2.69568e+49 2.85107e+43 0 0 0 0 0 0 0 0 0 0 0 0 0 0 0 7.20251e+32 0 0 0 0 0 4.9847e+20
15.2148 1.40166e+49 -2.69563e+49 3.04694e+43 1.40166e+49 -2.69563e+49 3.04694e+43 0 0 0 0 0 0 0 0 0 0 0 0 0 0 0 7.20251e+32 0 0 0 0 0 4.98518e+20
15.3125 1.40162e+49 -2.69559e+49 3.25381e+43 1.40162e+49 -2.69559e+49 3.25381e+43 0 0 0 0 0 0 0 0 0 0 0 0 0 0 0 7.20251e+32 0 0 0 0 0 4.98567e+20
15.4102 1.40157e+49 -2.69554e+49 3.47332e+43 1.40157e+49 -2.69554e+49 3.47332e+43 0 0 0 0 0 0 0 0 0 0 0 0 0 0 0 7.20251e+32 0 0 0 0 0 4.98615e+20
15.5078 1.40153e+49 -2.69549e+49 3.70271e+43 1.40153e+49 -2.69549e+49 3.70271e+43 0 0 0 0 0 0 0 0 0 0 0 0 0 0 0 7.20251e+32 0 0 0 0 0 4.98664e+20
15.6055 1.40148e+49 -2.69544e+49 3.94571e+43 1.40148e+49 -2.69544e+49 3.94571e+43 0 0 0 0 0 0 0 0 0 0 0 0 0 0 0 7.20251e+32 0 0 0 0 0 4.98713e+20
15.7031 1.40143e+49 -2.69539e+49 4.20199e+43 1.40143e+49 -2.69539e+49 4.20199e+43 0 0 0 0 0 0 0 0 0 0 0 0 0 0 0 7.20251e+32 0 0 0 0 0 4.98763e+20
15.8008 1.40138e+49 -2.69534e+49 4.47216e+43 1.40138e+49 -2.69534e+49 4.47216e+43 0 0 0 0 0 0 0 0 0 0 0 0 0 0 0 7.20251e+32 0 0 0 0 0 4.98812e+20
15.918 1.40131e+49 -2.69527e+49 4.81565e+43 1.40131e+49 -2.69527e+49 4.81565e+43 0 0 0 0 0 0 0 0 0 0 0 0 0 0 0 7.20251e+32 0 0 0 0 0 4.98872e+20
16.0156 1.40126e+49 -2.69522e+49 5.12013e+43 1.40126e+49 -2.69522e+49 5.12013e+43 0 0 0 0 0 0 0 0 0 0 0 0 0 0 0 7.20251e+32 0 0 0 0 0 4.98922e+20
16.1133 1.4012e+49 -2.69516e+49 5.43766e+43 1.4012e+49 -2.69516e+49 5.43766e+43 0 0 0 0 0 0 0 0 0 0 0 0 0 0 0 7.20251e+32 0 0 0 0 0 4.98972e+20
16.2109 1.40114e+49 -2.6951e+49 5.77333e+43 1.40114e+49 -2.6951e+49 5.77333e+43 0 0 0 0 0 0 0 0 0 0 0 0 0 0 0 7.20251e+32 0 0 0 0 0 4.99023e+20
16.3086 1.40108e+49 -2.69504e+49 6.1264e+43 1.40108e+49 -2.69504e+49 6.1264e+43 0 0 0 0 0 0 0 0 0 0 0 0 0 0 0 7.20251e+32 0 0 0 0 0 4.99074e+20
16.4062 1.40102e+49 -2.69498e+49 6.49802e+43 1.40102e+49 -2.69498e+49 6.49802e+43 0 0 0 0 0 0 0 0 0 0 0 0 0 0 0 7.20251e+32 0 0 0 0 0 4.99125e+20
16.5039 1.40096e+49 -2.69491e+49 6.8905e+43 1.40096e+49 -2.69491e+49 6.8905e+43 0 0 0 0 0 0 0 0 0 0 0 0 0 0 0 7.20251e+32 0 0 0 0 0 4.99176e+20
16.6016 1.40089e+49 -2.69485e+49 7.29972e+43 1.40089e+49 -2.69485e+49 7.29972e+43 0 0 0 0 0 0 0 0 0 0 0 0 0 0 0 7.20251e+32 0 0 0 0 0 4.99227e+20
16.7188 1.40081e+49 -2.69477e+49 7.82113e+43 1.40081e+49 -2.69477e+49 7.82113e+43 0 0 0 0 0 0 0 0 0 0 0 0 0 0 0 7.20251e+32 0 0 0 0 0 4.99289e+20
16.8164 1.40074e+49 -2.6947e+49 8.27986e+43 1.40074e+49 -2.6947e+49 8.27986e+43 0 0 0 0 0 0 0 0 0 0 0 0 0 0 0 7.20251e+32 0 0 0 0 0 4.99341e+20
16.9141 1.40067e+49 -2.69462e+49 8.76047e+43 1.40067e+49 -2.69462e+49 8.76047e+43 0 0 0 0 0 0 0 0 0 0 0 0 0 0 0 7.20251e+32 0 0 0 0 0 4.99394e+20
17.0117 1.40059e+49 -2.69455e+49 9.26621e+43 1.40059e+49 -2.69455e+49 9.26621e+43 0 0 0 0 0 0 0 0 0 0 0 0 0 0 0 7.20251e+32 0 0 0 0 0 4.99446e+20
17.1094 1.40051e+49 -2.69447e+49 9.79707e+43 1.40051e+49 -2.69447e+49 9.79707e+43 0 0 0 0 0 0 0 0 0 0 0 0 0 0 0 7.20251e+32 0 0 0 0 0 4.99499e+20
17.207 1.40044e+49 -2.6944e+49 1.03547e+44 1.40044e+49 -2.6944e+49 1.03547e+44 0 0 0 0 0 0 0 0 0 0 0 0 0 0 0 7.20251e+32 0 0 0 0 0 4.99552e+20
17.3047 1.40035e+49 -2.69432e+49 1.09391e+44 1.40035e+49 -2.69432e+49 1.09391e+44 0 0 0 0 0 0 0 0 0 0 0 0 0 0 0 7.20251e+32 0 0 0 0 0 4.99605e+20
17.4023 1.40027e+49 -2.69423e+49 1.15523e+44 1.40027e+49 -2.69423e+49 1.15523e+44 0 0 0 0 0 0 0 0 0 0 0 0 0 0 0 7.20251e+32 0 0 0 0 0 4.99658e+20
17.5 1.40018e+49 -2.69415e+49 1.2196e+44 1.40018e+49 -2.69415e+49 1.2196e+44 0 0 0 0 0 0 0 0 0 0 0 0 0 0 0 7.20251e+32 0 0 0 0 0 4.99712e+20
17.6172 1.40008e+49 -2.69405e+49 1.30092e+44 1.40008e+49 -2.69405e+49 1.30092e+44 0 0 0 0 0 0 0 0 0 0 0 0 0 0 0 7.20251e+32 0 0 0 0 0 4.99777e+20
17.7148 1.39999e+49 -2.69396e+49 1.3723e+44 1.39999e+49 -2.69396e+49 1.3723e+44 0 0 0 0 0 0 0 0 0 0 0 0 0 0 0 7.20251e+32 0 0 0 0 0 4.99831e+20
17.8125 1.39989e+49 -2.69387e+49 1.44717e+44 1.39989e+49 -2.69387e+49 1.44717e+44 0 0 0 0 0 0 0 0 0 0 0 0 0 0 0 7.20251e+32 0 0 0 0 0 4.99886e+20
17.9102 1.3998e+49 -2.69377e+49 1.52557e+44 1.3998e+49 -2.69377e+49 1.52557e+44 0 0 0 0 0 0 0 0 0 0 0 0 0 0 0 7.20251e+32 0 0 0 0 0 4.99941e+20
18.0078 1.3997e+49 -2.69368e+49 1.60769e+44 1.3997e+49 -2.69368e+49 1.60769e+44 0 0 0 0 0 0 0 0 0 0 0 0 0 0 0 7.20251e+32 0 0 0 0 0 4.99996e+20
18.1055 1.3996e+49 -2.69358e+49 1.6935e+44 1.3996e+49 -2.69358e+49 1.6935e+44 0 0 0 0 0 0 0 0 0 0 0 0 0 0 0 7.20251e+32 0 0 0 0 0 5.00051e+20
18.2031 1.39949e+49 -2.69348e+49 1.78338e+44 1.39949e+49 -2.69348e+49 1.78338e+44 0 0 0 0 0 0 0 0 0 0 0 0 0 0 0 7.20251e+32 0 0 0 0 0 5.00106e+20
18.3008 1.39939e+49 -2.69338e+49 1.87739e+44 1.39939e+49 -2.69338e+49 1.87739e+44 0 0 0 0 0 0 0 0 0 0 0 0 0 0 0 7.20251e+32 0 0 0 0 0 5.00162e+20
18.418 1.39925e+49 -2.69326e+49 1.99595e+44 1.39925e+49 -2.69326e+49 1.99595e+44 0 0 0 0 0 0 0 0 0 0 0 0 0 0 0 7.20251e+32 0 0 0 0 0 5.00228e+20
18.5156 1.39914e+49 -2.69315e+49 2.09978e+44 1.39914e+49 -2.69315e+49 2.09978e+44 0 0 0 0 0 0 0 0 0 0 0 0 0 0 0 7.20251e+32 0 0 0 0 0 5.00284e+20
18.6133 1.39902e+49 -2.69304e+49 2.20829e+44 1.39902e+49 -2.69304e+49 2.20829e+44 0 0 0 0 0 0 0 0 0 0 0 0 0 0 0 7.20251e+32 0 0 0 0 0 5.0034e+20
18.7109 1.39891e+49 -2.69293e+49 2.32159e+44 1.39891e+49 -2.69293e+49 2.32159e+44 0 0 0 0 0 0 0 0 0 0 0 0 0 0 0 7.20251e+32 0 0 0 0 0 5.00395e+20
18.8086 1.39878e+49 -2.69281e+49 2.44005e+44 1.39878e+49 -2.69281e+49 2.44005e+44 0 0 0 0 0 0 0 0 0 0 0 0 0 0 0 7.20251e+32 0 0 0 0 0 5.00451e+20
18.9062 1.39866e+49 -2.69269e+49 2.56384e+44 1.39866e+49 -2.69269e+49 2.56384e+44 0 0 0 0 0 0 0 0 0 0 0 0 0 0 0 7.20251e+32 0 0 0 0 0 5.00507e+20
19.0039 1.39853e+49 -2.69257e+49 2.69292e+44 1.39853e+49 -2.69257e+49 2.69292e+44 0 0 0 0 0 0 0 0 0 0 0 0 0 0 0 7.20251e+32 0 0 0 0 0 5.00563e+20
19.1016 1.3984e+49 -2.69245e+49 2.82835e+44 1.3984e+49 -2.69245e+49 2.82835e+44 0 0 0 0 0 0 0 0 0 0 0 0 0 0 0 7.20251e+32 0 0 0 0 0 5.0062e+20
19.2188 1.39824e+49 -2.6923e+49 2.99775e+44 1.39824e+49 -2.6923e+49 2.99775e+44 0 0 0 0 0 0 0 0 0 0 0 0 0 0 0 7.20251e+32 0 0 0 0 0 5.00687e+20
19.3164 1.3981e+49 -2.69217e+49 3.14529e+44 1.3981e+49 -2.69217e+49 3.14529e+44 0 0 0 0 0 0 0 0 0 0 0 0 0 0 0 7.20251e+32 0 0 0 0 0 5.00744e+20
19.4141 1.39796e+49 -2.69204e+49 3.29904e+44 1.39796e+49 -2.69204e+49 3.29904e+44 0 0 0 0 0 0 0 0 0 0 0 0 0 0 0 7.20251e+32 0 0 0 0 0 5.008e+20
19.5117 1.39782e+49 -2.6919e+49 3.45961e+44 1.39782e+49 -2.6919e+49 3.45961e+44 0 0 0 0 0 0 0 0 0 0 0 0 0 0 0 7.20251e+32 0 0 0 0 0 5.00856e+20
19.6094 1.39767e+49 -2.69177e+49 3.62684e+44 1.39767e+49 -2.69177e+49 3.62684e+44 0 0 0 0 0 0 0 0 0 0 0 0 0 0 0 7.20251e+32 0 0 0 0 0 5.00913e+20
19.707 1.39752e+49 -2.69163e+49 3.80102e+44 1.39752e+49 -2.69163e+49 3.80102e+44 0 0 0 0 0 0 0 0 0 0 0 0 0 0 0 7.20251e+32 0 0 0 0 0 5.00969e+20
19.8047 1.39737e+49 -2.69149e+49 3.98244e+44 1.39737e+49 -2.69149e+49 3.98244e+44 0 0 0 0 0 0 0 0 0 0 0 0 0 0 0 7.20251e+32 0 0 0 0 0 5.01025e+20
19.9023 1.39721e+49 -2.69134e+49 4.17083e+44 1.39721e+49 -2.69134e+49 4.17083e+44 0 0 0 0 0 0 0 0 0 0 0 0 0 0 0 7.20251e+32 0 0 0 0 0 5.01081e+20
20.0195 1.39702e+49 -2.69116e+49 4.40688e+44 1.39702e+49 -2.69116e+49 4.40688e+44 0 0 0 0 0 0 0 0 0 0 0 0 0 0 0 7.20251e+32 0 0 0 0 0 5.01149e+20
20.1172 1.39685e+49 -2.69101e+49 4.61219e+44 1.39685e+49 -2.69101e+49 4.61219e+44 0 0 0 0 0 0 0 0 0 0 0 0 0 0 0 7.20251e+32 0 0 0 0 0 5.01205e+20
20.2148 1.39668e+49 -2.69085e+49 4.82563e+44 1.39668e+49 -2.69085e+49 4.82563e+44 0 0 0 0 0 0 0 0 0 0 0 0 0 0 0 7.20251e+32 0 0 0 0 0 5.01261e+20
20.3125 1.39651e+49 -2.69069e+49 5.04732e+44 1.39651e+49 -2.69069e+49 5.04732e+44 0 0 0 0 0 0 0 0 0 0 0 0 0 0 0 7.20251e+32 0 0 0 0 0 5.01317e+20
20.4102 1.39634e+49 -2.69053e+49 5.27749e+44 1.39634e+49 -2.69053e+49 5.27749e+44 0 0 0 0 0 0 0 0 0 0 0 0 0 0 0 7.20251e+32 0 0 0 0 0 5.01373e+20
20.5078 1.39616e+49 -2.69036e+49 5.51599e+44 1.39616e+49 -2.69036e+49 5.51599e+44 0 0 0 0 0 0 0 0 0 0 0 0 0 0 0 7.20251e+32 0 0 0 0 0 5.01429e+20
20.6055 1.39598e+49 -2.69019e+49 5.76339e+44 1.39598e+49 -2.69019e+49 5.76339e+44 0 0 0 0 0 0 0 0 0 0 0 0 0 0 0 7.20251e+32 0 0 0 0 0 5.01485e+20
20.7031 1.39579e+49 -2.69002e+49 6.01994e+44 1.39579e+49 -2.69002e+49 6.01994e+44 0 0 0 0 0 0 0 0 0 0 0 0 0 0 0 7.20251e+32 0 0 0 0 0 5.0154e+20
20.8008 1.3956e+49 -2.68985e+49 6.28577e+44 1.3956e+49 -2.68985e+49 6.28577e+44 0 0 0 0 0 0 0 0 0 0 0 0 0 0 0 7.20251e+32 0 0 0 0 0 5.01596e+20
20.918 1.39537e+49 -2.68963e+49 6.61717e+44 1.39537e+49 -2.68963e+49 6.61717e+44 0 0 0 0 0 0 0 0 0 0 0 0 0 0 0 7.20251e+32 0 0 0 0 0 5.01662e+20
21.0156 1.39518e+49 -2.68945e+49 6.90387e+44 1.39518e+49 -2.68945e+49 6.90387e+44 0 0 0 0 0 0 0 0 0 0 0 0 0 0 0 7.20251e+32 0 0 0 0 0 5.01718e+20
21.1133 1.39498e+49 -2.68927e+49 7.20046e+44 1.39498e+49 -2.68927e+49 7.20046e+44 0 0 0 0 0 0 0 0 0 0 0 0 0 0 0 7.20251e+32 0 0 0 0 0 5.01773e+20
21.2109 1.39477e+49 -2.68908e+49 7.50684e+44 1.39477e+49 -2.68908e+49 7.50684e+44 0 0 0 0 0 0 0 0 0 0 0 0 0 0 0 7.20251e+32 0 0 0 0 0 5.01828e+20
21.3086 1.39457e+49 -2.68888e+49 7.82342e+44 1.39457e+49 -2.68888e+49 7.82342e+44 0 0 0 0 0 0 0 0 0 0 0 0 0 0 0 7.20251e+32 0 0 0 0 0 5.01883e+20
21.4062 1.39436e+49 -2.68869e+49 8.15059e+44 1.39436e+49 -2.68869e+49 8.15059e+44 0 0 0 0 0 0 0 0 0 0 0 0 0 0 0 7.20251e+32 0 0 0 0 0 5.01937e+20
21.5039 1.39414e+49 -2.68849e+49 8.48748e+44 1.39414e+49 -2.68849e+49 8.48748e+44 0 0 0 0 0 0 0 0 0 0 0 0 0 0 0 7.20251e+32 0 0 0 0 0 5.01992e+20
21.6016 1.39393e+49 -2.68829e+49 8.83525e+44 1.39393e+49 -2.68829e+49 8.83525e+44 0 0 0 0 0 0 0 0 0 0 0 0 0 0 0 7.20251e+32 0 0 0 0 0 5.02046e+20
21.7188 1.39366e+49 -2.68804e+49 9.26672e+44 1.39366e+49 -2.68804e+49 9.26672e+44 0 0 0 0 0 0 0 0 0 0 0 0 0 0 0 7.20251e+32 0 0 0 0 0 5.02111e+20
21.8164 1.39344e+49 -2.68784e+49 9.63753e+44 1.39344e+49 -2.68784e+49 9.63753e+44 0 0 0 0 0 0 0 0 0 0 0 0 0 0 0 7.20251e+32 0 0 0 0 0 5.02165e+20
21.9141 1.39321e+49 -2.68762e+49 1.00196e+45 1.39321e+49 -2.68762e+49 1.00196e+45 0 0 0 0 0 0 0 0 0 0 0 0 0 0 0 7.20251e+32 0 0 0 0 0 5.02218e+20
22.0117 1.39298e+49 -2.68741e+49 1.04123e+45 1.39298e+49 -2.68741e+49 1.04123e+45 0 0 0 0 0 0 0 0 0 0 0 0 0 0 0 7.20251e+32 0 0 0 0 0 5.02272e+20
22.1094 1.39275e+49 -2.68719e+49 1.08159e+45 1.39275e+49 -2.68719e+49 1.08159e+45 0 0 0 0 0 0 0 0 0 0 0 0 0 0 0 7.20251e+32 0 0 0 0 0 5.02325e+20
22.207 1.39251e+49 -2.68697e+49 1.12304e+45 1.39251e+49 -2.68697e+49 1.12304e+45 0 0 0 0 0 0 0 0 0 0 0 0 0 0 0 7.20251e+32 0 0 0 0 0 5.02378e+20
22.3047 1.39227e+49 -2.68675e+49 1.16562e+45 1.39227e+49 -2.68675e+49 1.16562e+45 0 0 0 0 0 0 0 0 0 0 0 0 0 0 0 7.20251e+32 0 0 0 0 0 5.0243e+20
22.4023 1.39203e+49 -2.68652e+49 1.20916e+45 1.39203e+49 -2.68652e+49 1.20916e+45 0 0 0 0 0 0 0 0 0 0 0 0 0 0 0 7.20251e+32 0 0 0 0 0 5.02483e+20
22.5195 1.39173e+49 -2.68625e+49 1.2629e+45 1.39173e+49 -2.68625e+49 1.2629e+45 0 0 0 0 0 0 0 0 0 0 0 0 0 0 0 7.20251e+32 0 0 0 0 0 5.02546e+20
22.6172 1.39148e+49 -2.68602e+49 1.30879e+45 1.39148e+49 -2.68602e+49 1.30879e+45 0 0 0 0 0 0 0 0 0 0 0 0 0 0 0 7.20251e+32 0 0 0 0 0 5.02598e+20
22.7148 1.39123e+49 -2.68578e+49 1.35573e+45 1.39123e+49 -2.68578e+49 1.35573e+45 0 0 0 0 0 0 0 0 0 0 0 0 0 0 0 7.20251e+32 0 0 0 0 0 5.0265e+20
22.8125 1.39097e+49 -2.68554e+49 1.40369e+45 1.39097e+49 -2.68554e+49 1.40369e+45 0 0 0 0 0 0 0 0 0 0 0 0 0 0 0 7.20251e+32 0 0 0 0 0 5.02701e+20
22.9102 1.39072e+49 -2.68531e+49 1.45268e+45 1.39072e+49 -2.68531e+49 1.45268e+45 0 0 0 0 0 0 0 0 0 0 0 0 0 0 0 7.20251e+32 0 0 0 0 0 5.02753e+20
23.0078 1.39046e+49 -2.68507e+49 1.50269e+45 1.39046e+49 -2.68507e+49 1.50269e+45 0 0 0 0 0 0 0 0 0 0 0 0 0 0 0 7.20251e+32 0 0 0 0 0 5.02804e+20
23.1055 1.3902e+49 -2.68482e+49 1.5535e+45 1.3902e+49 -2.68482e+49 1.5535e+45 0 0 0 0 0 0 0 0 0 0 0 0 0 0 0 7.20251e+32 0 0 0 0 0 5.02855e+20
23.2031 1.38993e+49 -2.68458e+49 1.60529e+45 1.38993e+49 -2.68458e+49 1.60529e+45 0 0 0 0 0 0 0 0 0 0 0 0 0 0 0 7.20251e+32 0 0 0 0 0 5.02905e+20
23.3008 1.38967e+49 -2.68433e+49 1.65793e+45 1.38967e+49 -2.68433e+49 1.65793e+45 0 0 0 0 0 0 0 0 0 0 0 0 0 0 0 7.20251e+32 0 0 0 0 0 5.02956e+20
23.418 1.38934e+49 -2.68402e+49 1.72217e+45 1.38934e+49 -2.68402e+49 1.72217e+45 0 0 0 0 0 0 0 0 0 0 0 0 0 0 0 7.20251e+32 0 0 0 0 0 5.03016e+20
23.5156 1.38907e+49 -2.68377e+49 1.77655e+45 1.38907e+49 -2.68377e+49 1.77655e+45 0 0 0 0 0 0 0 0 0 0 0 0 0 0 0 7.20251e+32 0 0 0 0 0 5.03066e+20
23.6133 1.3888e+49 -2.68351e+49 1.83166e+45 1.3888e+49 -2.68351e+49 1.83166e+45 0 0 0 0 0 0 0 0 0 0 0 0 0 0 0 7.20251e+32 0 0 0 0 0 5.03115e+20
23.7109 1.38853e+49 -2.68325e+49 1.88742e+45 1.38853e+49 -2.68325e+49 1.88742e+45 0 0 0 0 0 0 0 0 0 0 0 0 0 0 0 7.20251e+32 0 0 0 0 0 5.03165e+20
23.8086 1.38825e+49 -2.68299e+49 1.94378e+45 1.38825e+49 -2.68299e+49 1.94378e+45 0 0 0 0 0 0 0 0 0 0 0 0 0 0 0 7.20251e+32 0 0 0 0 0 5.03214e+20
23.9062 1.38798e+49 -2.68273e+49 2.00069e+45 1.38798e+49 -2.68273e+49 2.00069e+45 0 0 0 0 0 0 0 0 0 0 0 0 0 0 0 7.20251e+32 0 0 0 0 0 5.03262e+20
24.0039 1.3877e+49 -2.68247e+49 2.05807e+45 1.3877e+49 -2.68247e+49 2.05807e+45 0 0 0 0 0 0 0 0 0 0 0 0 0 0 0 7.20251e+32 0 0 0 0 0 5.03311e+20
24.1016 1.38743e+49 -2.68221e+49 2.11579e+45 1.38743e+49 -2.68221e+49 2.11579e+45 0 0 0 0 0 0 0 0 0 0 0 0 0 0 0 7.20251e+32 0 0 0 0 0 5.03359e+20
24.2188 1.38709e+49 -2.68189e+49 2.18544e+45 1.38709e+49 -2.68189e+49 2.18544e+45 0 0 0 0 0 0 0 0 0 0 0 0 0 0 0 7.20251e+32 0 0 0 0 0 5.03417e+20
24.3164 1.38682e+49 -2.68163e+49 2.24364e+45 1.38682e+49 -2.68163e+49 2.24364e+45 0 0 0 0 0 0 0 0 0 0 0 0 0 0 0 7.20251e+32 0 0 0 0 0 5.03464e+20
24.4141 1.38654e+49 -2.68136e+49 2.30194e+45 1.38654e+49 -2.68136e+49 2.30194e+45 0 0 0 0 0 0 0 0 0 0 0 0 0 0 0 7.20251e+32 0 0 0 0 0 5.03512e+20
24.5117 1.38626e+49 -2.68109e+49 2.36023e+45 1.38626e+49 -2.68109e+49 2.36023e+45 0 0 0 0 0 0 0 0 0 0 0 0 0 0 0 7.20251e+32 0 0 0 0 0 5.03559e+20
24.6094 1.38599e+49 -2.68083e+49 2.4184e+45 1.38599e+49 -2.68083e+49 2.4184e+45 0 0 0 0 0 0 0 0 0 0 0 0 0 0 0 7.20251e+32 0 0 0 0 0 5.03606e+20
24.707 1.38571e+49 -2.68056e+49 2.47632e+45 1.38571e+49 -2.68056e+49 2.47632e+45 0 0 0 0 0 0 0 0 0 0 0 0 0 0 0 7.20251e+32 0 0 0 0 0 5.03652e+20
24.8047 1.38543e+49 -2.6803e+49 2.53383e+45 1.38543e+49 -2.6803e+49 2.53383e+45 0 0 0 0 0 0 0 0 0 0 0 0 0 0 0 7.20251e+32 0 0 0 0 0 5.03699e+20
24.9023 1.38516e+49 -2.68003e+49 2.59084e+45 1.38516e+49 -2.68003e+49 2.59084e+45 0 0 0 0 0 0 0 0 0 0 0 0 0 0 0 7.20251e+32 0 0 0 0 0 5.03745e+20
25.0195 1.38483e+49 -2.67971e+49 2.65841e+45 1.38483e+49 -2.67971e+49 2.65841e+45 0 0 0 0 0 0 0 0 0 0 0 0 0 0 0 7.20251e+32 0 0 0 0 0 5.038e+20
25.1172 1.38456e+49 -2.67945e+49 2.71391e+45 1.38456e+49 -2.67945e+49 2.71391e+45 0 0 0 0 0 0 0 0 0 0 0 0 0 0 0 7.20251e+32 0 0 0 0 0 5.03845e+20
25.2148 1.38429e+49 -2.67919e+49 2.76847e+45 1.38429e+49 -2.67919e+49 2.76847e+45 0 0 0 0 0 0 0 0 0 0 0 0 0 0 0 7.20251e+32 0 0 0 0 0 5.0389e+20
25.3125 1.38403e+49 -2.67893e+49 2.82194e+45 1.38403e+49 -2.67893e+49 2.82194e+45 0 0 0 0 0 0 0 0 0 0 0 0 0 0 0 7.20251e+32 0 0 0 0 0 5.03935e+20
25.4102 1.38377e+49 -2.67867e+49 2.87417e+45 1.38377e+49 -2.67867e+49 2.87417e+45 0 0 0 0 0 0 0 0 0 0 0 0 0 0 0 7.20251e+32 0 0 0 0 0 5.0398e+20
25.5078 1.3835e+49 -2.67841e+49 2.92496e+45 1.3835e+49 -2.67841e+49 2.92496e+45 0 0 0 0 0 0 0 0 0 0 0 0 0 0 0 7.20251e+32 0 0 0 0 0 5.04025e+20
25.6055 1.38325e+49 -2.67815e+49 2.97424e+45 1.38325e+49 -2.67815e+49 2.97424e+45 0 0 0 0 0 0 0 0 0 0 0 0 0 0 0 7.20251e+32 0 0 0 0 0 5.04069e+20
25.7031 1.38299e+49 -2.6779e+49 3.02175e+45 1.38299e+49 -2.6779e+49 3.02175e+45 0 0 0 0 0 0 0 0 0 0 0 0 0 0 0 7.20251e+32 0 0 0 0 0 5.04113e+20
25.8008 1.38274e+49 -2.67765e+49 3.06732e+45 1.38274e+49 -2.67765e+49 3.06732e+45 0 0 0 0 0 0 0 0 0 0 0 0 0 0 0 7.20251e+32 0 0 0 0 0 5.04157e+20
25.918 1.38245e+49 -2.67734e+49 3.11921e+45 1.38245e+49 -2.67734e+49 3.11921e+45 0 0 0 0 0 0 0 0 0 0 0 0 0 0 0 7.20251e+32 0 0 0 0 0 5.04209e+20
26.0156 1.38221e+49 -2.6771e+49 3.1599e+45 1.38221e+49 -2.6771e+49 3.1599e+45 0 0 0 0 0 0 0 0 0 0 0 0 0 0 0 7.20251e+32 0 0 0 0 0 5.04253e+20
26.1133 1.38197e+49 -2.67685e+49 3.19816e+45 1.38197e+49 -2.67685e+49 3.19816e+45 0 0 0 0 0 0 0 0 0 0 0 0 0 0 0 7.20251e+32 0 0 0 0 0 5.04296e+20
26.2109 1.38174e+49 -2.67662e+49 3.23374e+45 1.38174e+49 -2.67662e+49 3.23374e+45 0 0 0 0 0 0 0 0 0 0 0 0 0 0 0 7.20251e+32 0 0 0 0 0 5.04339e+20
26.3086 1.38151e+49 -2.67638e+49 3.26651e+45 1.38151e+49 -2.67638e+49 3.26651e+45 0 0 0 0 0 0 0 0 0 0 0 0 0 0 0 7.20251e+32 0 0 0 0 0 5.04382e+20
26.4062 1.38129e+49 -2.67615e+49 3.29641e+45 1.38129e+49 -2.67615e+49 3.29641e+45 0 0 0 0 0 0 0 0 0 0 0 0 0 0 0 7.20251e+32 0 0 0 0 0 5.04424e+20
26.5039 1.38108e+49 -2.67593e+49 3.32317e+45 1.38108e+49 -2.67593e+49 3.32317e+45 0 0 0 0 0 0 0 0 0 0 0 0 0 0 0 7.20251e+32 0 0 0 0 0 5.04467e+20
26.6016 1.38087e+49 -2.67571e+49 3.34673e+45 1.38087e+49 -2.67571e+49 3.34673e+45 0 0 0 0 0 0 0 0 0 0 0 0 0 0 0 7.20251e+32 0 0 0 0 0 5.04509e+20
26.7188 1.38063e+49 -2.67545e+49 3.37051e+45 1.38063e+49 -2.67545e+49 3.37051e+45 0 0 0 0 0 0 0 0 0 0 0 0 0 0 0 7.20251e+32 0 0 0 0 0 5.0456e+20
26.8164 1.38044e+49 -2.67524e+49 3.38633e+45 1.38044e+49 -2.67524e+49 3.38633e+45 0 0 0 0 0 0 0 0 0 0 0 0 0 0 0 7.20251e+32 0 0 0 0 0 5.04602e+20
26.9141 1.38025e+49 -2.67503e+49 3.39848e+45 1.38025e+49 -2.67503e+49 3.39848e+45 0 0 0 0 0 0 0 0 0 0 0 0 0 0 0 7.20251e+32 0 0 0 0 0 5.04643e+20
27.0117 1.38007e+49 -2.67484e+49 3.40682e+45 1.38007e+49 -2.67484e+49 3.40682e+45 0 0 0 0 0 0 0 0 0 0 0 0 0 0 0 7.20251e+32 0 0 0 0 0 5.04685e+20
27.1094 1.3799e+49 -2.67464e+49 3.41135e+45 1.3799e+49 -2.67464e+49 3.41135e+45 0 0 0 0 0 0 0 0 0 0 0 0 0 0 0 7.20251e+32 0 0 0 0 0 5.04726e+20
27.207 1.37974e+49 -2.67445e+49 3.41185e+45 1.37974e+49 -2.67445e+49 3.41185e+45 0 0 0 0 0 0 0 0 0 0 0 0 0 0 0 7.20251e+32 0 0 0 0 0 5.04768e+20
27.3047 1.37959e+49 -2.67427e+49 3.40816e+45 1.37959e+49 -2.67427e+49 3.40816e+45 0 0 0 0 0 0 0 0 0 0 0 0 0 0 0 7.20251e+32 0 0 0 0 0 5.04809e+20
27.4023 1.37944e+49 -2.6741e+49 3.40042e+45 1.37944e+49 -2.6741e+49 3.40042e+45 0 0 0 0 0 0 0 0 0 0 0 0 0 0 0 7.20251e+32 0 0 0 0 0 5.0485e+20
27.5195 1.37928e+49 -2.67391e+49 3.3854e+45 1.37928e+49 -2.67391e+49 3.3854e+45 0 0 0 0 0 0 0 0 0 0 0 0 0 0 0 7.20251e+32 0 0 0 0 0 5.04899e+20
27.6172 1.37915e+49 -2.67375e+49 3.36843e+45 1.37915e+49 -2.67375e+49 3.36843e+45 0 0 0 0 0 0 0 0 0 0 0 0 0 0 0 7.20251e+32 0 0 0 0 0 5.04939e+20
27.7148 1.37904e+49 -2.67361e+49 3.34726e+45 1.37904e+49 -2.67361e+49 3.34726e+45 0 0 0 0 0 0 0 0 0 0 0 0 0 0 0 7.20251e+32 0 0 0 0 0 5.0498e+20
27.8125 1.37893e+49 -2.67347e+49 3.32166e+45 1.37893e+49 -2.67347e+49 3.32166e+45 0 0 0 0 0 0 0 0 0 0 0 0 0 0 0 7.20251e+32 0 0 0 0 0 5.0502e+20
27.9102 1.37883e+49 -2.67333e+49 3.29178e+45 1.37883e+49 -2.67333e+49 3.29178e+45 0 0 0 0 0 0 0 0 0 0 0 0 0 0 0 7.20251e+32 0 0 0 0 0 5.0506e+20
28.0078 1.37875e+49 -2.67321e+49 3.25796e+45 1.37875e+49 -2.67321e+49 3.25796e+45 0 0 0 0 0 0 0 0 0 0 0 0 0 0 0 7.20251e+32 0 0 0 0 0 5.05101e+20
28.1055 1.37867e+49 -2.6731e+49 3.21998e+45 1.37867e+49 -2.6731e+49 3.21998e+45 0 0 0 0 0 0 0 0 0 0 0 0 0 0 0 7.20251e+32 0 0 0 0 0 5.05141e+20
28.2031 1.37861e+49 -2.673e+49 3.17832e+45 1.37861e+49 -2.673e+49 3.17832e+45 0 0 0 0 0 0 0 0 0 0 0 0 0 0 0 7.20251e+32 0 0 0 0 0 5.05181e+20
28.3008 1.37855e+49 -2.67291e+49 3.13289e+45 1.37855e+49 -2.67291e+49 3.13289e+45 0 0 0 0 0 0 0 0 0 0 0 0 0 0 0 7.20251e+32 0 0 0 0 0 5.05221e+20
28.418 1.3785e+49 -2.67281e+49 3.07369e+45 1.3785e+49 -2.67281e+49 3.07369e+45 0 0 0 0 0 0 0 0 0 0 0 0 0 0 0 7.20251e+32 0 0 0 0 0 5.05269e+20
28.5156 1.37847e+49 -2.67274e+49 3.02055e+45 1.37847e+49 -2.67274e+49 3.02055e+45 0 0 0 0 0 0 0 0 0 0 0 0 0 0 0 7.20251e+32 0 0 0 0 0 5.05308e+20
28.6133 1.37846e+49 -2.67268e+49 2.9639e+45 1.37846e+49 -2.67268e+49 2.9639e+45 0 0 0 0 0 0 0 0 0 0 0 0 0 0 0 7.20251e+32 0 0 0 0 0 5.05348e+20
28.7109 1.37845e+49 -2.67263e+49 2.90418e+45 1.37845e+49 -2.67263e+49 2.90418e+45 0 0 0 0 0 0 0 0 0 0 0 0 0 0 0 7.20251e+32 0 0 0 0 0 5.05387e+20
28.8086 1.37846e+49 -2.67259e+49 2.84154e+45 1.37846e+49 -2.67259e+49 2.84154e+45 0 0 0 0 0 0 0 0 0 0 0 0 0 0 0 7.20251e+32 0 0 0 0 0 5.05427e+20
28.9062 1.37847e+49 -2.67256e+49 2.77639e+45 1.37847e+49 -2.67256e+49 2.77639e+45 0 0 0 0 0 0 0 0 0 0 0 0 0 0 0 7.20251e+32 0 0 0 0 0 5.05466e+20
29.0039 1.3785e+49 -2.67255e+49 2.70888e+45 1.3785e+49 -2.67255e+49 2.70888e+45 0 0 0 0 0 0 0 0 0 0 0 0 0 0 0 7.20251e+32 0 0 0 0 0 5.05505e+20
29.1016 1.37854e+49 -2.67254e+49 2.63898e+45 1.37854e+49 -2.67254e+49 2.63898e+45 0 0 0 0 0 0 0 0 0 0 0 0 0 0 0 7.20251e+32 0 0 0 0 0 5.05544e+20
29.2188 1.37861e+49 -2.67256e+49 2.55274e+45 1.37861e+49 -2.67256e+49 2.55274e+45 0 0 0 0 0 0 0 0 0 0 0 0 0 0 0 7.20251e+32 0 0 0 0 0 5.05591e+20
29.3164 1.37868e+49 -2.67258e+49 2.47932e+45 1.37868e+49 -2.67258e+49 2.47932e+45 0 0 0 0 0 0 0 0 0 0 0 0 0 0 0 7.20251e+32 0 0 0 0 0 5.0563e+20
29.4141 1.37876e+49 -2.67261e+49 2.40508e+45 1.37876e+49 -2.67261e+49 2.40508e+45 0 0 0 0 0 0 0 0 0 0 0 0 0 0 0 7.20251e+32 0 0 0 0 0 5.05669e+20
29.5117 1.37885e+49 -2.67266e+49 2.32994e+45 1.37885e+49 -2.67266e+49 2.32994e+45 0 0 0 0 0 0 0 0 0 0 0 0 0 0 0 7.20251e+32 0 0 0 0 0 5.05707e+20
29.6094 1.37895e+49 -2.67271e+49 2.25439e+45 1.37895e+49 -2.67271e+49 2.25439e+45 0 0 0 0 0 0 0 0 0 0 0 0 0 0 0 7.20251e+32 0 0 0 0 0 5.05746e+20
29.707 1.37907e+49 -2.67278e+49 2.17862e+45 1.37907e+49 -2.67278e+49 2.17862e+45 0 0 0 0 0 0 0 0 0 0 0 0 0 0 0 7.20251e+32 0 0 0 0 0 5.05785e+20
29.8047 1.3792e+49 -2.67286e+49 2.10233e+45 1.3792e+49 -2.67286e+49 2.10233e+45 0 0 0 0 0 0 0 0 0 0 0 0 0 0 0 7.20251e+32 0 0 0 0 0 5.05823e+20
29.9023 1.37934e+49 -2.67296e+49 2.02682e+45 1.37934e+49 -2.67296e+49 2.02682e+45 0 0 0 0 0 0 0 0 0 0 0 0 0 0 0 7.20251e+32 0 0 0 0 0 5.05862e+20
30.0195 1.37953e+49 -2.67309e+49 1.93721e+45 1.37953e+49 -2.67309e+49 1.93721e+45 0 0 0 0 0 0 0 0 0 0 0 0 0 0 0 7.20251e+32 0 0 0 0 0 5.05908e+20
30.1172 1.37969e+49 -2.67321e+49 1.8642e+45 1.37969e+49 -2.67321e+49 1.8642e+45 0 0 0 0 0 0 0 0 0 0 0 0 0 0 0 7.20251e+32 0 0 0 0 0 5.05946e+20
30.2148 1.37987e+49 -2.67335e+49 1.79258e+45 1.37987e+49 -2.67335e+49 1.79258e+45 0 0 0 0 0 0 0 0 0 0 0 0 0 0 0 7.20251e+32 0 0 0 0 0 5.05985e+20
30.3125 1.38007e+49 -2.6735e+49 1.72235e+45 1.38007e+49 -2.6735e+49 1.72235e+45 0 0 0 0 0 0 0 0 0 0 0 0 0 0 0 7.20251e+32 0 0 0 0 0 5.06023e+20
30.4102 1.38027e+49 -2.67366e+49 1.6545e+45 1.38027e+49 -2.67366e+49 1.6545e+45 0 0 0 0 0 0 0 0 0 0 0 0 0 0 0 7.20251e+32 0 0 0 0 0 5.06061e+20
30.5078 1.38049e+49 -2.67383e+49 1.58801e+45 1.38049e+49 -2.67383e+49 1.58801e+45 0 0 0 0 0 0 0 0 0 0 0 0 0 0 0 7.20251e+32 0 0 0 0 0 5.061e+20
30.6055 1.38071e+49 -2.67401e+49 1.52417e+45 1.38071e+49 -2.67401e+49 1.52417e+45 0 0 0 0 0 0 0 0 0 0 0 0 0 0 0 7.20251e+32 0 0 0 0 0 5.06138e+20
30.7031 1.38095e+49 -2.67421e+49 1.46281e+45 1.38095e+49 -2.67421e+49 1.46281e+45 0 0 0 0 0 0 0 0 0 0 0 0 0 0 0 7.20251e+32 0 0 0 0 0 5.06176e+20
30.8008 1.3812e+49 -2.67442e+49 1.40449e+45 1.3812e+49 -2.67442e+49 1.40449e+45 0 0 0 0 0 0 0 0 0 0 0 0 0 0 0 7.20251e+32 0 0 0 0 0 5.06214e+20
30.918 1.38152e+49 -2.67468e+49 1.33777e+45 1.38152e+49 -2.67468e+49 1.33777e+45 0 0 0 0 0 0 0 0 0 0 0 0 0 0 0 7.20251e+32 0 0 0 0 0 5.06262e+20
31.0156 1.3818e+49 -2.67491e+49 1.28525e+45 1.3818e+49 -2.67491e+49 1.28525e+45 0 0 0 0 0 0 0 0 0 0 0 0 0 0 0 7.20251e+32 0 0 0 0 0 5.06301e+20
31.1133 1.38208e+49 -2.67516e+49 1.23588e+45 1.38208e+49 -2.67516e+49 1.23588e+45 0 0 0 0 0 0 0 0 0 0 0 0 0 0 0 7.20251e+32 0 0 0 0 0 5.06339e+20
31.2109 1.38238e+49 -2.67542e+49 1.1901e+45 1.38238e+49 -2.67542e+49 1.1901e+45 0 0 0 0 0 0 0 0 0 0 0 0 0 0 0 7.20251e+32 0 0 0 0 0 5.06377e+20
31.3086 1.38268e+49 -2.67569e+49 1.14688e+45 1.38268e+49 -2.67569e+49 1.14688e+45 0 0 0 0 0 0 0 0 0 0 0 0 0 0 0 7.20251e+32 0 0 0 0 0 5.06415e+20
31.4062 1.383e+49 -2.67597e+49 1.10714e+45 1.383e+49 -2.67597e+49 1.10714e+45 0 0 0 0 0 0 0 0 0 0 0 0 0 0 0 7.20251e+32 0 0 0 0 0 5.06453e+20
31.5039 1.38333e+49 -2.67626e+49 1.06957e+45 1.38333e+49 -2.67626e+49 1.06957e+45 0 0 0 0 0 0 0 0 0 0 0 0 0 0 0 7.20251e+32 0 0 0 0 0 5.06492e+20
31.6016 1.38366e+49 -2.67656e+49 1.03589e+45 1.38366e+49 -2.67656e+49 1.03589e+45 0 0 0 0 0 0 0 0 0 0 0 0 0 0 0 7.20251e+32 0 0 0 0 0 5.0653e+20
31.7188 1.38408e+49 -2.67693e+49 9.99227e+44 1.38408e+49 -2.67693e+49 9.99227e+44 0 0 0 0 0 0 0 0 0 0 0 0 0 0 0 7.20251e+32 0 0 0 0 0 5.06576e+20
31.8164 1.38444e+49 -2.67725e+49 9.72074e+44 1.38444e+49 -2.67725e+49 9.72074e+44 0 0 0 0 0 0 0 0 0 0 0 0 0 0 0 7.20251e+32 0 0 0 0 0 5.06614e+20
31.9141 1.3848e+49 -2.67758e+49 9.477e+44 1.3848e+49 -2.67758e+49 9.477e+44 0 0 0 0 0 0 0 0 0 0 0 0 0 0 0 7.20251e+32 0 0 0 0 0 5.06652e+20
32.0117 1.38517e+49 -2.67792e+49 9.2923e+44 1.38517e+49 -2.67792e+49 9.2923e+44 0 0 0 0 0 0 0 0 0 0 0 0 0 0 0 7.20251e+32 0 0 0 0 0 5.06691e+20
32.1094 1.38556e+49 -2.67827e+49 9.27289e+44 1.38556e+49 -2.67827e+49 9.27289e+44 0 0 0 0 0 0 0 0 0 0 0 0 0 0 0 7.20251e+32 0 0 0 0 0 5.06729e+20
32.207 1.38595e+49 -2.67864e+49 9.25594e+44 1.38595e+49 -2.67864e+49 9.25594e+44 0 0 0 0 0 0 0 0 0 0 0 0 0 0 0 7.20251e+32 0 0 0 0 0 5.06767e+20
32.3047 1.38636e+49 -2.67901e+49 9.23479e+44 1.38636e+49 -2.67901e+49 9.23479e+44 0 0 0 0 0 0 0 0 0 0 0 0 0 0 0 7.20251e+32 0 0 0 0 0 5.06806e+20
32.4023 1.38677e+49 -2.67939e+49 9.23611e+44 1.38677e+49 -2.67939e+49 9.23611e+44 0 0 0 0 0 0 0 0 0 0 0 0 0 0 0 7.20251e+32 0 0 0 0 0 5.06844e+20
32.5195 1.38728e+49 -2.67987e+49 9.24058e+44 1.38728e+49 -2.67987e+49 9.24058e+44 0 0 0 0 0 0 0 0 0 0 0 0 0 0 0 7.20251e+32 0 0 0 0 0 5.06891e+20
32.6172 1.38772e+49 -2.68028e+49 9.25862e+44 1.38772e+49 -2.68028e+49 9.25862e+44 0 0 0 0 0 0 0 0 0 0 0 0 0 0 0 7.20251e+32 0 0 0 0 0 5.06929e+20
32.7148 1.38816e+49 -2.6807e+49 9.27567e+44 1.38816e+49 -2.6807e+49 9.27567e+44 0 0 0 0 0 0 0 0 0 0 0 0 0 0 0 7.20251e+32 0 0 0 0 0 5.06968e+20
32.8125 1.38862e+49 -2.68112e+49 9.29155e+44 1.38862e+49 -2.68112e+49 9.29155e+44 0 0 0 0 0 0 0 0 0 0 0 0 0 0 0 7.20251e+32 0 0 0 0 0 5.07007e+20
32.9102 1.38908e+49 -2.68155e+49 9.30312e+44 1.38908e+49 -2.68155e+49 9.30312e+44 0 0 0 0 0 0 0 0 0 0 0 0 0 0 0 7.20251e+32 0 0 0 0 0 5.07046e+20
33.0078 1.38954e+49 -2.68199e+49 9.30605e+44 1.38954e+49 -2.68199e+49 9.30605e+44 0 0 0 0 0 0 0 0 0 0 0 0 0 0 0 7.20251e+32 0 0 0 0 0 5.07084e+20
33.1055 1.39002e+49 -2.68244e+49 9.30877e+44 1.39002e+49 -2.68244e+49 9.30877e+44 0 0 0 0 0 0 0 0 0 0 0 0 0 0 0 7.20251e+32 0 0 0 0 0 5.07123e+20
33.2031 1.3905e+49 -2.68289e+49 9.31107e+44 1.3905e+49 -2.68289e+49 9.31107e+44 0 0 0 0 0 0 0 0 0 0 0 0 0 0 0 7.20251e+32 0 0 0 0 0 5.07162e+20
33.3008 1.39098e+49 -2.68334e+49 9.30082e+44 1.39098e+49 -2.68334e+49 9.30082e+44 0 0 0 0 0 0 0 0 0 0 0 0 0 0 0 7.20251e+32 0 0 0 0 0 5.07202e+20
33.418 1.39157e+49 -2.6839e+49 9.29109e+44 1.39157e+49 -2.6839e+49 9.29109e+44 0 0 0 0 0 0 0 0 0 0 0 0 0 0 0 7.20251e+32 0 0 0 0 0 5.07249e+20
33.5156 1.39206e+49 -2.68436e+49 9.26727e+44 1.39206e+49 -2.68436e+49 9.26727e+44 0 0 0 0 0 0 0 0 0 0 0 0 0 0 0 7.20251e+32 0 0 0 0 0 5.07288e+20
33.6133 1.39256e+49 -2.68483e+49 9.24777e+44 1.39256e+49 -2.68483e+49 9.24777e+44 0 0 0 0 0 0 0 0 0 0 0 0 0 0 0 7.20251e+32 0 0 0 0 0 5.07327e+20
33.7109 1.39306e+49 -2.6853e+49 9.22359e+44 1.39306e+49 -2.6853e+49 9.22359e+44 0 0 0 0 0 0 0 0 0 0 0 0 0 0 0 7.20251e+32 0 0 0 0 0 5.07367e+20
33.8086 1.39356e+49 -2.68577e+49 9.18654e+44 1.39356e+49 -2.68577e+49 9.18654e+44 0 0 0 0 0 0 0 0 0 0 0 0 0 0 0 7.20251e+32 0 0 0 0 0 5.07406e+20
33.9062 1.39406e+49 -2.68624e+49 9.13978e+44 1.39406e+49 -2.68624e+49 9.13978e+44 0 0 0 0 0 0 0 0 0 0 0 0 0 0 0 7.20251e+32 0 0 0 0 0 5.07446e+20
34.0039 1.39456e+49 -2.68672e+49 9.08526e+44 1.39456e+49 -2.68672e+49 9.08526e+44 0 0 0 0 0 0 0 0 0 0 0 0 0 0 0 7.20251e+32 0 0 0 0 0 5.07485e+20
34.1016 1.39505e+49 -2.68719e+49 9.01155e+44 1.39505e+49 -2.68719e+49 9.01155e+44 0 0 0 0 0 0 0 0 0 0 0 0 0 0 0 7.20251e+32 0 0 0 0 0 5.07525e+20
34.2188 1.39565e+49 -2.68775e+49 8.91218e+44 1.39565e+49 -2.68775e+49 8.91218e+44 0 0 0 0 0 0 0 0 0 0 0 0 0 0 0 7.20251e+32 0 0 0 0 0 5.07573e+20
34.3164 1.39615e+49 -2.68822e+49 8.80694e+44 1.39615e+49 -2.68822e+49 8.80694e+44 0 0 0 0 0 0 0 0 0 0 0 0 0 0 0 7.20251e+32 0 0 0 0 0 5.07613e+20
34.4141 1.39664e+49 -2.68868e+49 8.69723e+44 1.39664e+49 -2.68868e+49 8.69723e+44 0 0 0 0 0 0 0 0 0 0 0 0 0 0 0 7.20251e+32 0 0 0 0 0 5.07653e+20
34.5117 1.39712e+49 -2.68914e+49 8.56186e+44 1.39712e+49 -2.68914e+49 8.56186e+44 0 0 0 0 0 0 0 0 0 0 0 0 0 0 0 7.20251e+32 0 0 0 0 0 5.07693e+20
34.6094 1.3976e+49 -2.68959e+49 8.41321e+44 1.3976e+49 -2.68959e+49 8.41321e+44 0 0 0 0 0 0 0 0 0 0 0 0 0 0 0 7.20251e+32 0 0 0 0 0 5.07733e+20
34.707 1.39808e+49 -2.69003e+49 8.25973e+44 1.39808e+49 -2.69003e+49 8.25973e+44 0 0 0 0 0 0 0 0 0 0 0 0 0 0 0 7.20251e+32 0 0 0 0 0 5.07773e+20
34.8047 1.39855e+49 -2.69047e+49 8.09087e+44 1.39855e+49 -2.69047e+49 8.09087e+44 0 0 0 0 0 0 0 0 0 0 0 0 0 0 0 7.20251e+32 0 0 0 0 0 5.07814e+20
34.9023 1.39901e+49 -2.6909e+49 7.91399e+44 1.39901e+49 -2.6909e+49 7.91399e+44 0 0 0 0 0 0 0 0 0 0 0 0 0 0 0 7.20251e+32 0 0 0 0 0 5.07854e+20
35.0195 1.39955e+49 -2.69141e+49 7.68878e+44 1.39955e+49 -2.69141e+49 7.68878e+44 0 0 0 0 0 0 0 0 0 0 0 0 0 0 0 7.20251e+32 0 0 0 0 0 5.07902e+20
35.1172 1.39999e+49 -2.69182e+49 7.49395e+44 1.39999e+49 -2.69182e+49 7.49395e+44 0 0 0 0 0 0 0 0 0 0 0 0 0 0 0 7.20251e+32 0 0 0 0 0 5.07942e+20
35.2148 1.40042e+49 -2.69223e+49 7.29938e+44 1.40042e+49 -2.69223e+49 7.29938e+44 0 0 0 0 0 0 0 0 0 0 0 0 0 0 0 7.20251e+32 0 0 0 0 0 5.07982e+20
35.3125 1.40084e+49 -2.69262e+49 7.10551e+44 1.40084e+49 -2.69262e+49 7.10551e+44 0 0 0 0 0 0 0 0 0 0 0 0 0 0 0 7.20251e+32 0 0 0 0 0 5.08022e+20
35.4102 1.40125e+49 -2.693e+49 6.90531e+44 1.40125e+49 -2.693e+49 6.90531e+44 0 0 0 0 0 0 0 0 0 0 0 0 0 0 0 7.20251e+32 0 0 0 0 0 5.08062e+20
35.5078 1.40165e+49 -2.69337e+49 6.70355e+44 1.40165e+49 -2.69337e+49 6.70355e+44 0 0 0 0 0 0 0 0 0 0 0 0 0 0 0 7.20251e+32 0 0 0 0 0 5.08103e+20
35.6055 1.40203e+49 -2.69373e+49 6.49973e+44 1.40203e+49 -2.69373e+49 6.49973e+44 0 0 0 0 0 0 0 0 0 0 0 0 0 0 0 7.20251e+32 0 0 0 0 0 5.08143e+20
35.7031 1.4024e+49 -2.69407e+49 6.2957e+44 1.4024e+49 -2.69407e+49 6.2957e+44 0 0 0 0 0 0 0 0 0 0 0 0 0 0 0 7.20251e+32 0 0 0 0 0 5.08183e+20
35.8008 1.40276e+49 -2.6944e+49 6.09364e+44 1.40276e+49 -2.6944e+49 6.09364e+44 0 0 0 0 0 0 0 0 0 0 0 0 0 0 0 7.20251e+32 0 0 0 0 0 5.08223e+20
35.918 1.40317e+49 -2.69477e+49 5.86836e+44 1.40317e+49 -2.69477e+49 5.86836e+44 0 0 0 0 0 0 0 0 0 0 0 0 0 0 0 7.20251e+32 0 0 0 0 0 5.08271e+20
36.0156 1.40349e+49 -2.69507e+49 5.69005e+44 1.40349e+49 -2.69507e+49 5.69005e+44 0 0 0 0 0 0 0 0 0 0 0 0 0 0 0 7.20251e+32 0 0 0 0 0 5.08311e+20
36.1133 1.4038e+49 -2.69535e+49 5.51499e+44 1.4038e+49 -2.69535e+49 5.51499e+44 0 0 0 0 0 0 0 0 0 0 0 0 0 0 0 7.20251e+32 0 0 0 0 0 5.08351e+20
36.2109 1.40409e+49 -2.69561e+49 5.34542e+44 1.40409e+49 -2.69561e+49 5.34542e+44 0 0 0 0 0 0 0 0 0 0 0 0 0 0 0 7.20251e+32 0 0 0 0 0 5.08391e+20
36.3086 1.40437e+49 -2.69586e+49 5.19331e+44 1.40437e+49 -2.69586e+49 5.19331e+44 0 0 0 0 0 0 0 0 0 0 0 0 0 0 0 7.20251e+32 0 0 0 0 0 5.0843e+20
36.4062 1.40463e+49 -2.69609e+49 5.04833e+44 1.40463e+49 -2.69609e+49 5.04833e+44 0 0 0 0 0 0 0 0 0 0 0 0 0 0 0 7.20251e+32 0 0 0 0 0 5.0847e+20
36.5039 1.40487e+49 -2.6963e+49 4.9213e+44 1.40487e+49 -2.6963e+49 4.9213e+44 0 0 0 0 0 0 0 0 0 0 0 0 0 0 0 7.20251e+32 0 0 0 0 0 5.0851e+20
36.6016 1.40509e+49 -2.6965e+49 4.81105e+44 1.40509e+49 -2.6965e+49 4.81105e+44 0 0 0 0 0 0 0 0 0 0 0 0 0 0 0 7.20251e+32 0 0 0 0 0 5.08549e+20
36.7188 1.40533e+49 -2.69671e+49 4.69755e+44 1.40533e+49 -2.69671e+49 4.69755e+44 0 0 0 0 0 0 0 0 0 0 0 0 0 0 0 7.20251e+32 0 0 0 0 0 5.08597e+20
36.8164 1.40551e+49 -2.69686e+49 4.61996e+44 1.40551e+49 -2.69686e+49 4.61996e+44 0 0 0 0 0 0 0 0 0 0 0 0 0 0 0 7.20251e+32 0 0 0 0 0 5.08636e+20
36.9141 1.40568e+49 -2.697e+49 4.55321e+44 1.40568e+49 -2.697e+49 4.55321e+44 0 0 0 0 0 0 0 0 0 0 0 0 0 0 0 7.20251e+32 0 0 0 0 0 5.08675e+20
37.0117 1.40582e+49 -2.69712e+49 4.50348e+44 1.40582e+49 -2.69712e+49 4.50348e+44 0 0 0 0 0 0 0 0 0 0 0 0 0 0 0 7.20251e+32 0 0 0 0 0 5.08714e+20
37.1094 1.40595e+49 -2.69722e+49 4.46709e+44 1.40595e+49 -2.69722e+49 4.46709e+44 0 0 0 0 0 0 0 0 0 0 0 0 0 0 0 7.20251e+32 0 0 0 0 0 5.08753e+20
37.207 1.40606e+49 -2.6973e+49 4.44877e+44 1.40606e+49 -2.6973e+49 4.44877e+44 0 0 0 0 0 0 0 0 0 0 0 0 0 0 0 7.20251e+32 0 0 0 0 0 5.08792e+20
37.3047 1.40614e+49 -2.69736e+49 4.44291e+44 1.40614e+49 -2.69736e+49 4.44291e+44 0 0 0 0 0 0 0 0 0 0 0 0 0 0 0 7.20251e+32 0 0 0 0 0 5.08831e+20
37.4023 1.40621e+49 -2.69741e+49 4.45023e+44 1.40621e+49 -2.69741e+49 4.45023e+44 0 0 0 0 0 0 0 0 0 0 0 0 0 0 0 7.20251e+32 0 0 0 0 0 5.0887e+20
37.5195 1.40627e+49 -2.69744e+49 4.47607e+44 1.40627e+49 -2.69744e+49 4.47607e+44 0 0 0 0 0 0 0 0 0 0 0 0 0 0 0 7.20251e+32 0 0 0 0 0 5.08916e+20
37.6172 1.4063e+49 -2.69744e+49 4.51038e+44 1.4063e+49 -2.69744e+49 4.51038e+44 0 0 0 0 0 0 0 0 0 0 0 0 0 0 0 7.20251e+32 0 0 0 0 0 5.08954e+20
37.7148 1.40632e+49 -2.69743e+49 4.56036e+44 1.40632e+49 -2.69743e+49 4.56036e+44 0 0 0 0 0 0 0 0 0 0 0 0 0 0 0 7.20251e+32 0 0 0 0 0 5.08993e+20
37.8125 1.40631e+49 -2.6974e+49 4.6196e+44 1.40631e+49 -2.6974e+49 4.6196e+44 0 0 0 0 0 0 0 0 0 0 0 0 0 0 0 7.20251e+32 0 0 0 0 0 5.09031e+20
37.9102 1.40629e+49 -2.69735e+49 4.68743e+44 1.40629e+49 -2.69735e+49 4.68743e+44 0 0 0 0 0 0 0 0 0 0 0 0 0 0 0 7.20251e+32 0 0 0 0 0 5.09069e+20
38.0078 1.40625e+49 -2.69728e+49 4.76374e+44 1.40625e+49 -2.69728e+49 4.76374e+44 0 0 0 0 0 0 0 0 0 0 0 0 0 0 0 7.20251e+32 0 0 0 0 0 5.09107e+20
38.1055 1.40619e+49 -2.6972e+49 4.84539e+44 1.40619e+49 -2.6972e+49 4.84539e+44 0 0 0 0 0 0 0 0 0 0 0 0 0 0 0 7.20251e+32 0 0 0 0 0 5.09145e+20
38.2031 1.40611e+49 -2.6971e+49 4.93375e+44 1.40611e+49 -2.6971e+49 4.93375e+44 0 0 0 0 0 0 0 0 0 0 0 0 0 0 0 7.20251e+32 0 0 0 0 0 5.09182e+20
38.3008 1.40602e+49 -2.69698e+49 5.02603e+44 1.40602e+49 -2.69698e+49 5.02603e+44 0 0 0 0 0 0 0 0 0 0 0 0 0 0 0 7.20251e+32 0 0 0 0 0 5.0922e+20
38.418 1.40589e+49 -2.69682e+49 5.14577e+44 1.40589e+49 -2.69682e+49 5.14577e+44 0 0 0 0 0 0 0 0 0 0 0 0 0 0 0 7.20251e+32 0 0 0 0 0 5.09265e+20
38.5156 1.40577e+49 -2.69667e+49 5.24702e+44 1.40577e+49 -2.69667e+49 5.24702e+44 0 0 0 0 0 0 0 0 0 0 0 0 0 0 0 7.20251e+32 0 0 0 0 0 5.09302e+20
38.6133 1.40563e+49 -2.6965e+49 5.34949e+44 1.40563e+49 -2.6965e+49 5.34949e+44 0 0 0 0 0 0 0 0 0 0 0 0 0 0 0 7.20251e+32 0 0 0 0 0 5.09339e+20
38.7109 1.40547e+49 -2.69632e+49 5.45661e+44 1.40547e+49 -2.69632e+49 5.45661e+44 0 0 0 0 0 0 0 0 0 0 0 0 0 0 0 7.20251e+32 0 0 0 0 0 5.09377e+20
38.8086 1.4053e+49 -2.69612e+49 5.56418e+44 1.4053e+49 -2.69612e+49 5.56418e+44 0 0 0 0 0 0 0 0 0 0 0 0 0 0 0 7.20251e+32 0 0 0 0 0 5.09414e+20
38.9062 1.40512e+49 -2.69592e+49 5.66937e+44 1.40512e+49 -2.69592e+49 5.66937e+44 0 0 0 0 0 0 0 0 0 0 0 0 0 0 0 7.20251e+32 0 0 0 0 0 5.09451e+20
39.0039 1.40493e+49 -2.69569e+49 5.77055e+44 1.40493e+49 -2.69569e+49 5.77055e+44 0 0 0 0 0 0 0 0 0 0 0 0 0 0 0 7.20251e+32 0 0 0 0 0 5.09487e+20
39.1016 1.40472e+49 -2.69546e+49 5.87195e+44 1.40472e+49 -2.69546e+49 5.87195e+44 0 0 0 0 0 0 0 0 0 0 0 0 0 0 0 7.20251e+32 0 0 0 0 0 5.09524e+20
39.2188 1.40446e+49 -2.69516e+49 5.99171e+44 1.40446e+49 -2.69516e+49 5.99171e+44 0 0 0 0 0 0 0 0 0 0 0 0 0 0 0 7.20251e+32 0 0 0 0 0 5.09568e+20
39.3164 1.40422e+49 -2.6949e+49 6.08931e+44 1.40422e+49 -2.6949e+49 6.08931e+44 0 0 0 0 0 0 0 0 0 0 0 0 0 0 0 7.20251e+32 0 0 0 0 0 5.09604e+20
39.4141 1.40398e+49 -2.69463e+49 6.18263e+44 1.40398e+49 -2.69463e+49 6.18263e+44 0 0 0 0 0 0 0 0 0 0 0 0 0 0 0 7.20251e+32 0 0 0 0 0 5.09641e+20
39.5117 1.40372e+49 -2.69435e+49 6.27349e+44 1.40372e+49 -2.69435e+49 6.27349e+44 0 0 0 0 0 0 0 0 0 0 0 0 0 0 0 7.20251e+32 0 0 0 0 0 5.09677e+20
39.6094 1.40346e+49 -2.69406e+49 6.36232e+44 1.40346e+49 -2.69406e+49 6.36232e+44 0 0 0 0 0 0 0 0 0 0 0 0 0 0 0 7.20251e+32 0 0 0 0 0 5.09713e+20
39.707 1.40319e+49 -2.69376e+49 6.45021e+44 1.40319e+49 -2.69376e+49 6.45021e+44 0 0 0 0 0 0 0 0 0 0 0 0 0 0 0 7.20251e+32 0 0 0 0 0 5.09749e+20
39.8047 1.4029e+49 -2.69345e+49 6.53291e+44 1.4029e+49 -2.69345e+49 6.53291e+44 0 0 0 0 0 0 0 0 0 0 0 0 0 0 0 7.20251e+32 0 0 0 0 0 5.09785e+20
39.9023 1.40261e+49 -2.69313e+49 6.6126e+44 1.40261e+49 -2.69313e+49 6.6126e+44 0 0 0 0 0 0 0 0 0 0 0 0 0 0 0 7.20251e+32 0 0 0 0 0 5.0982e+20
